# time = 2.000000000000e-09
# x  density  temperature  T_rad  velocity_x  pressure  mass_coord
-4.739536939390e-02 8.232504610524e-04 1.175889928935e+06 1.175390378261e+06 -2.688581213110e+07 1.931789167177e+10 5.075532149958e-06
-4.220601150229e-02 9.423686377013e-04 1.174665751384e+06 1.174888705528e+06 -2.412411714139e+07 2.166248861473e+10 9.498375102928e-06
-3.800871797953e-02 1.445895818018e-03 1.174141788954e+06 1.174307187147e+06 -2.225484411222e+07 3.128140433962e+10 1.529458702810e-05
-3.418854322700e-02 2.123420106799e-03 1.173364387826e+06 1.173510811402e+06 -2.031979874495e+07 4.348696398459e+10 2.298066565034e-05
-3.076937933182e-02 3.010981632275e-03 1.172299756986e+06 1.172405049524e+06 -1.853553500848e+07 5.863627855348e+10 3.262000066599e-05
-2.778575756247e-02 4.124185068613e-03 1.170916431800e+06 1.171006140523e+06 -1.696720387705e+07 7.670926017673e+10 4.414373448573e-05
-2.518101041625e-02 5.457790341120e-03 1.169203582232e+06 1.169258263188e+06 -1.559659612245e+07 9.738100612863e+10 5.747301257727e-05
-2.290126136219e-02 7.003092193570e-03 1.167161752034e+06 1.167214792760e+06 -1.439684583344e+07 1.203301586380e+11 7.240680350950e-05
-2.091609699816e-02 8.738740995813e-03 1.164812813692e+06 1.164837394860e+06 -1.334806986568e+07 1.451013314112e+11 8.863358371537e-05
-1.918750437737e-02 1.063739404572e-02 1.162190993400e+06 1.162223692963e+06 -1.243121495817e+07 1.712134464322e+11 1.058677568851e-04
-1.767579714735e-02 1.267462090454e-02 1.159329433911e+06 1.159340393779e+06 -1.162615806813e+07 1.982762100872e+11 1.238858457511e-04
-1.634432839575e-02 1.483158122821e-02 1.156254234624e+06 1.156278428167e+06 -1.091425202005e+07 2.260071074725e+11 1.425300009170e-04
-1.516168150734e-02 1.709585739401e-02 1.152984504226e+06 1.152993045538e+06 -1.027954451012e+07 2.542255896253e+11 1.616962683172e-04
-1.410211650097e-02 1.946000081955e-02 1.149532249871e+06 1.149554135655e+06 -9.708864999483e+06 2.828213938804e+11 1.813181697543e-04
-1.314504218455e-02 2.191964111056e-02 1.145905220684e+06 1.145917789109e+06 -9.191530532435e+06 3.117239872212e+11 2.013529001387e-04
-1.227410022248e-02 2.447242838895e-02 1.142107388860e+06 1.142131593592e+06 -8.718963456754e+06 3.408858160632e+11 2.217729786433e-04
-1.147621895377e-02 2.711771954893e-02 1.138140536534e+06 1.138160469882e+06 -8.284285885283e+06 3.702769660003e+11 2.425625349277e-04
-1.074081817441e-02 2.985688584586e-02 1.134003787792e+06 1.134030335352e+06 -7.881972290668e+06 3.998867671416e+11 2.637161827802e-04
-1.005921599092e-02 3.269361416652e-02 1.129693986862e+06 1.129717958110e+06 -7.507541966793e+06 4.297253537374e+11 2.852385182417e-04
-9.424210267318e-03 3.563335826291e-02 1.125205302299e+06 1.125232237560e+06 -7.157258864171e+06 4.598150573225e+11 3.071428530525e-04
-8.829787394872e-03 3.868241329158e-02 1.120529633052e+06 1.120555026773e+06 -6.827920065469e+06 4.901788449832e+11 3.294488940570e-04
-8.270919192311e-03 4.184777853159e-02 1.115656857725e+06 1.115682459004e+06 -6.516791113289e+06 5.208382156045e+11 3.521800468214e-04
-7.743414184057e-03 4.513780021415e-02 1.110575290300e+06 1.110598997240e+06 -6.221607241648e+06 5.518195639327e+11 3.753611392029e-04
-7.243793711162e-03 4.856252638334e-02 1.105271982244e+06 1.105294331846e+06 -5.940528303879e+06 5.831567405137e+11 3.990168788882e-04
-6.769175755911e-03 5.213322533091e-02 1.099732836075e+06 1.099753904703e+06 -5.672032861100e+06 6.148845872738e+11 4.231709367308e-04
-6.317165531556e-03 5.586166035977e-02 1.093942754173e+06 1.093962849930e+06 -5.414817405747e+06 6.470305759033e+11 4.478454517284e-04
-5.885760732488e-03 5.976000879717e-02 1.087885607564e+06 1.087904913402e+06 -5.167751976066e+06 6.796133154700e+11 4.730608464063e-04
-5.473276945011e-03 6.384157505136e-02 1.081544155282e+06 1.081562977485e+06 -4.929879037840e+06 7.126486152384e+11 4.988359180989e-04
-5.078290939586e-03 6.812163562599e-02 1.074899849495e+06 1.074918275412e+06 -4.700407881839e+06 7.461557824312e+11 5.251881545580e-04
-4.699595097330e-03 7.261776335845e-02 1.067932528685e+06 1.067950734422e+06 -4.478679073335e+06 7.801579151778e+11 5.521341573231e-04
-4.336158394633e-03 7.734965304411e-02 1.060620073417e+06 1.060638321881e+06 -4.264114003777e+06 8.146770722982e+11 5.796900125069e-04
-3.987094029790e-03 8.233892418162e-02 1.052938064331e+06 1.052956552138e+06 -4.056176164441e+06 8.497291784363e+11 6.078714630035e-04
-3.651635229516e-03 8.760926389162e-02 1.044859436478e+06 1.044878255731e+06 -3.854354727274e+06 8.853218154051e+11 6.366938417124e-04
-3.329118436146e-03 9.318711589990e-02 1.036354118922e+06 1.036373321049e+06 -3.658169220676e+06 9.214561677998e+11 6.661719156414e-04
-3.018971075372e-03 9.910312271955e-02 1.027388589434e+06 1.027408207483e+06 -3.467192031135e+06 9.581339754411e+11 6.963197004440e-04
-2.720706027429e-03 1.053945898850e-01 1.017924662166e+06 1.017944757503e+06 -3.281061116111e+06 9.953694797257e+11 7.271542127114e-04
-2.433845931830e-03 1.121081878571e-01 1.007917438228e+06 1.007937995076e+06 -3.099461144902e+06 1.033198075636e+12 7.586984125493e-04
-2.157960336132e-03 1.193006675022e-01 9.973146214785e+05 9.973355789206e+05 -2.922105255317e+06 1.071667147176e+12 7.909739215096e-04
-1.892767501406e-03 1.270382325779e-01 9.860567993273e+05 9.860781206126e+05 -2.748715747422e+06 1.110816342077e+12 8.239979396605e-04
-1.638053572936e-03 1.353984169063e-01 9.740756806435e+05 9.740973889774e+05 -2.578997081305e+06 1.150672021706e+12 8.577875399020e-04
-1.393653833558e-03 1.444754312965e-01 9.612909071776e+05 9.613131298875e+05 -2.412640799341e+06 1.191258802218e+12 8.923609029993e-04
-1.159448141035e-03 1.543855095597e-01 9.476066451129e+05 9.476296551076e+05 -2.249309980177e+06 1.232599890160e+12 9.277377544306e-04
-9.353614519446e-04 1.652737959844e-01 9.329074760455e+05 9.329316861102e+05 -2.088626754082e+06 1.274713857845e+12 9.639390317476e-04
-7.213717103300e-04 1.773352066339e-01 9.170523181414e+05 9.170782431364e+05 -1.930319991816e+06 1.317679529266e+12 1.000987224649e-03
-5.175291037663e-04 1.908303390381e-01 8.998652293881e+05 8.998935177883e+05 -1.774118863158e+06 1.361621137197e+12 1.038906828458e-03
-3.239547796691e-04 2.060697024833e-01 8.811258190014e+05 8.811572114552e+05 -1.619246505007e+06 1.406463271769e+12 1.077721327932e-03
-1.408167680226e-04 2.235085498763e-01 8.605535184784e+05 8.605886135608e+05 -1.465248157660e+06 1.452289256210e+12 1.117456517002e-03
3.160378032626e-05 2.439809706181e-01 8.377640396098e+05 8.378035609756e+05 -1.312835224733e+06 1.500155962688e+12 1.158158964428e-03
1.928358715493e-04 2.684425424257e-01 8.122222308562e+05 8.122674173022e+05 -1.160259638889e+06 1.549913634487e+12 1.199884298747e-03
3.424735399529e-04 2.977137563194e-01 7.832426883583e+05 7.832937964089e+05 -1.003245099924e+06 1.598515173569e+12 1.242639696954e-03
4.800607464457e-04 3.355251635908e-01 7.498422094625e+05 7.498984438511e+05 -8.416501285469e+05 1.652307770125e+12 1.286443190919e-03
6.035776163016e-04 3.889028820686e-01 7.102210755471e+05 7.102850126836e+05 -6.810457391823e+05 1.719921542178e+12 1.331544152795e-03
7.120002046245e-04 4.541217641283e-01 6.618057931390e+05 6.618883351144e+05 -5.310819309112e+05 1.755305215152e+12 1.377588094848e-03
8.063599786123e-04 5.798830413440e-01 6.030323976486e+05 6.031709483647e+05 -2.383079113047e+05 1.866522936174e+12 1.420496813060e-03
8.599911447021e-04 2.352579493419e+00 3.113978542568e+05 3.117057026551e+05 1.978008074714e+05 2.161964891985e+12 1.499638596775e-03
8.736408368675e-04 1.334413902930e+01 1.211843344707e+05 1.217224605012e+05 3.297554153758e+05 2.124612828188e+12 1.606494792033e-03
8.760065946345e-04 3.714441747980e+01 6.975500654910e+04 6.974380879782e+04 3.295532090914e+05 2.117603356945e+12 1.675113077372e-03
8.773355124067e-04 4.290808614610e+01 6.449372267707e+04 6.447325051884e+04 3.291140285590e+05 2.114594630332e+12 1.732312449560e-03
8.786727294974e-04 4.352252961327e+01 6.390932448851e+04 7.600142023016e+04 3.287267214292e+05 2.109659971999e+12 1.790653920830e-03
8.800164903640e-04 4.423313801689e+01 6.324488233578e+04 7.521126085659e+04 3.280690748521e+05 2.103774737464e+12 1.849746843323e-03
8.813446142038e-04 4.494507388454e+01 6.257525510054e+04 7.441493524183e+04 3.273576627813e+05 2.096845147667e+12 1.908959280220e-03
8.826513703088e-04 4.558388683167e+01 6.198554331472e+04 7.371364571753e+04 3.267111045011e+05 2.090537545504e+12 1.968349461875e-03
8.839503674988e-04 4.620536126245e+01 6.147286036891e+04 6.805439893320e+04 3.263830189487e+05 2.087105780416e+12 2.028054387422e-03
8.852356992228e-04 4.688598997163e+01 6.099413314864e+04 6.099324493818e+04 3.263779108522e+05 2.087245374348e+12 2.087728709000e-03
8.864958750850e-04 4.754874973424e+01 6.054893192585e+04 6.054892411739e+04 3.265061590605e+05 2.087976249556e+12 2.147236794251e-03
8.877387339223e-04 4.817089964951e+01 6.017905209868e+04 6.017904675330e+04 3.268421061947e+05 2.090850532383e+12 2.206832803765e-03
8.889702324230e-04 4.879024655786e+01 5.985452560481e+04 5.985452464512e+04 3.273775354466e+05 2.095738674371e+12 2.266619367010e-03
8.901894927302e-04 4.949317355585e+01 5.951160740142e+04 5.951160673248e+04 3.280613157067e+05 2.102263726915e+12 2.326439722019e-03
8.913875498311e-04 5.028063097950e+01 5.914551269419e+04 5.914550793485e+04 3.288513647985e+05 2.110061180264e+12 2.386063982076e-03
8.925611519117e-04 5.105498048699e+01 5.881394077308e+04 5.881393397084e+04 3.297187156141e+05 2.118833224630e+12 2.445566332574e-03
8.937184625033e-04 5.175358874044e+01 5.854877981963e+04 5.854877622619e+04 3.306411692878e+05 2.128300320135e+12 2.505200082988e-03
8.948656781046e-04 5.242436859630e+01 5.831247953540e+04 5.831247973078e+04 3.315921031070e+05 2.138122192174e+12 2.565031821628e-03
8.960010551312e-04 5.314640273690e+01 5.804986654875e+04 5.804986749155e+04 3.325322671245e+05 2.147855404563e+12 2.624861776492e-03
8.971171928556e-04 5.392758220690e+01 5.774811515089e+04 5.774811322829e+04 3.334060225094e+05 2.156917165344e+12 2.684547445222e-03
8.982146039790e-04 5.467602065572e+01 5.744624440846e+04 5.744623980986e+04 3.341373193464e+05 2.164409879839e+12 2.744142875309e-03
8.992971404587e-04 5.529006748386e+01 5.718364476911e+04 5.718364116822e+04 3.346418247383e+05 2.169336901871e+12 2.803778920014e-03
9.003718104148e-04 5.576552200408e+01 5.694803684570e+04 5.694803685652e+04 3.348175324340e+05 2.170981504774e+12 2.863537774225e-03
9.014403591380e-04 5.622346324831e+01 5.668838386032e+04 5.668838507420e+04 3.348347258519e+05 2.170377107110e+12 2.923383839337e-03
9.025006748302e-04 5.676625510429e+01 5.638211267331e+04 5.638211185257e+04 3.347579660674e+05 2.169498282014e+12 2.983155077378e-03
9.035462312951e-04 5.732155424956e+01 5.605552035276e+04 5.605551635968e+04 3.345788434711e+05 2.167496540557e+12 3.042785461841e-03
9.045812319694e-04 5.779158047562e+01 5.575769413196e+04 5.575768832918e+04 3.342936309909e+05 2.164246719385e+12 3.102379439622e-03
9.056086070699e-04 5.812405683595e+01 5.551167826303e+04 5.551167518295e+04 3.339050175911e+05 2.159616366021e+12 3.162093509202e-03
9.066359429731e-04 5.838909951822e+01 5.528349779089e+04 5.528349857557e+04 3.334274992384e+05 2.153841286826e+12 3.221999850718e-03
9.076605771126e-04 5.870625500257e+01 5.502042891990e+04 5.502042995140e+04 3.328969803546e+05 2.147447062351e+12 3.281921207929e-03
9.086773389780e-04 5.912167798201e+01 5.471344573226e+04 5.471344348592e+04 3.323814340339e+05 2.141254363103e+12 3.341629050915e-03
9.096804062184e-04 5.961111856919e+01 5.440618245171e+04 5.440617644118e+04 3.320146204986e+05 2.137146072965e+12 3.401147745332e-03
9.106742380748e-04 6.010699499934e+01 5.415651456749e+04 5.415650849060e+04 3.319438735294e+05 2.136644118593e+12 3.460714612272e-03
9.116624339988e-04 6.052021394199e+01 5.397108568836e+04 5.397108206997e+04 3.319268570208e+05 2.137508183628e+12 3.520446325050e-03
9.126481806268e-04 6.090581684820e+01 5.381749081605e+04 5.381749073893e+04 3.320117307083e+05 2.139437504255e+12 3.580370738739e-03
9.136302070881e-04 6.140265035931e+01 5.364482945533e+04 5.364483075354e+04 3.322353409285e+05 2.143389304113e+12 3.640314995878e-03
9.146006780121e-04 6.205028706913e+01 5.343217904157e+04 5.343217794183e+04 3.325949982207e+05 2.149115858622e+12 3.700042842977e-03
9.155553503847e-04 6.278123884214e+01 5.320739266198e+04 5.320738897300e+04 3.330673002336e+05 2.156276302504e+12 3.759571110292e-03
9.164970492342e-04 6.349157248062e+01 5.301305427963e+04 5.301304921145e+04 3.336288267126e+05 2.164531456522e+12 3.819112281368e-03
9.174309117781e-04 6.411144195477e+01 5.287468866164e+04 5.287468504038e+04 3.342586805449e+05 2.173585026745e+12 3.878837620647e-03
9.183602217806e-04 6.466266658487e+01 5.277680542107e+04 5.277680536637e+04 3.349367399790e+05 2.183165255286e+12 3.938755744438e-03
9.192841642638e-04 6.524709577001e+01 5.267017637808e+04 5.267017812344e+04 3.356405518326e+05 2.193016018010e+12 3.998745989108e-03
9.201990850728e-04 6.593556462519e+01 5.252198718302e+04 5.252198868729e+04 3.363491549281e+05 2.202948550608e+12 4.058585231019e-03
9.210992466780e-04 6.671761651302e+01 5.233441335433e+04 5.233441250194e+04 3.370403621550e+05 2.212698156517e+12 4.118179667696e-03
9.219855528693e-04 6.751983272217e+01 5.213545046042e+04 5.213544656965e+04 3.376864146961e+05 2.221976820353e+12 4.177660461457e-03
9.228611228961e-04 6.823047446546e+01 5.196635164089e+04 5.196634715409e+04 3.382617026847e+05 2.230450189127e+12 4.237225372003e-03
9.237315442613e-04 6.878596136845e+01 5.184126214073e+04 5.184125986637e+04 3.387283046460e+05 2.237413695755e+12 4.296999566392e-03
9.245990994599e-04 6.918866454425e+01 5.173503517617e+04 5.173503547536e+04 3.389762550626e+05 2.241306245515e+12 4.356954035513e-03
9.254646162758e-04 6.952053566285e+01 5.160851386547e+04 5.160851578822e+04 3.389767429172e+05 2.241749014319e+12 4.416961273243e-03
9.263254163577e-04 6.991910416411e+01 5.144133514038e+04 5.144133690001e+04 3.389553603764e+05 2.241132609276e+12 4.476883960095e-03
9.271786739019e-04 7.039323108135e+01 5.122848214033e+04 5.122848163102e+04 3.388563029780e+05 2.239290838129e+12 4.536594608354e-03
9.280219047087e-04 7.085781041205e+01 5.099802083562e+04 5.099801841395e+04 3.386655006303e+05 2.235806988883e+12 4.596175810970e-03
9.288603855515e-04 7.123454016181e+01 5.078087666366e+04 5.078087255844e+04 3.383799859696e+05 2.230744322045e+12 4.655814366572e-03
9.296963327451e-04 7.147242047330e+01 5.059805168577e+04 5.059804750720e+04 3.380084738944e+05 2.224276228571e+12 4.715582145002e-03
9.305328566399e-04 7.156183960162e+01 5.045704808267e+04 5.045704642481e+04 3.375719957721e+05 2.216749286766e+12 4.775515389468e-03
9.313713384408e-04 7.162092377049e+01 5.032386094993e+04 5.032386122782e+04 3.371210389057e+05 2.208961789932e+12 4.835566022794e-03
9.322097585888e-04 7.177588972712e+01 5.017185713948e+04 5.017185778227e+04 3.367457840527e+05 2.202385879891e+12 4.895573622037e-03
9.330434207925e-04 7.210666076012e+01 4.998939738090e+04 4.998939687864e+04 3.365517017821e+05 2.198259812707e+12 4.955405971542e-03
9.338693098390e-04 7.259692836665e+01 4.979232140764e+04 4.979231906318e+04 3.365421749656e+05 2.197176970241e+12 5.015065118650e-03
9.346869930055e-04 7.311797686216e+01 4.960505977765e+04 4.960505576987e+04 3.366132368150e+05 2.197444396691e+12 5.074617070528e-03
9.354982376193e-04 7.360133045644e+01 4.945369670071e+04 4.945369191549e+04 3.367547223785e+05 2.199151947739e+12 5.134247685300e-03
9.363073608549e-04 7.401383368299e+01 4.935257871341e+04 4.935257507780e+04 3.369878614636e+05 2.202522743455e+12 5.194048147240e-03
9.371141642364e-04 7.438753572260e+01 4.928817902585e+04 4.928817814516e+04 3.373117361214e+05 2.207466558157e+12 5.254017857800e-03
9.379197199680e-04 7.480958624794e+01 4.922646115430e+04 4.922646219165e+04 3.377225214227e+05 2.213790761778e+12 5.314082914733e-03
9.387199760032e-04 7.535559989866e+01 4.913599478084e+04 4.913599651960e+04 3.382090044421e+05 2.221132720349e+12 5.374055230047e-03
9.395114348610e-04 7.603125608767e+01 4.901121388958e+04 4.901121346602e+04 3.387526799368e+05 2.229161556723e+12 5.433830196414e-03
9.402923547706e-04 7.677393673518e+01 4.887134852687e+04 4.887134688967e+04 3.393362957112e+05 2.237620033369e+12 5.493458016132e-03
9.410647698143e-04 7.752587679572e+01 4.873430514769e+04 4.873430191114e+04 3.399424979938e+05 2.246339241118e+12 5.553035775387e-03
9.418293321443e-04 7.821308094299e+01 4.862378188989e+04 4.862377787082e+04 3.405526988949e+05 2.255245381575e+12 5.612626153259e-03
9.425885655056e-04 7.877660398856e+01 4.855771263255e+04 4.855770989765e+04 3.411502869787e+05 2.264281092315e+12 5.672376654349e-03
9.433462927154e-04 7.924270611748e+01 4.852500476451e+04 4.852500408292e+04 3.417260748973e+05 2.273345703794e+12 5.732353173280e-03
9.441023078264e-04 7.969691362402e+01 4.849359018565e+04 4.849359195662e+04 3.422719935482e+05 2.282181504493e+12 5.792443388601e-03
9.448542611571e-04 8.023286942878e+01 4.843046968512e+04 4.843047128747e+04 3.427767253132e+05 2.290595675896e+12 5.852485225763e-03
9.455989970908e-04 8.086476820547e+01 4.832803824640e+04 4.832803947079e+04 3.432207240881e+05 2.298302830166e+12 5.912381084760e-03
9.463356444672e-04 8.154626923135e+01 4.819041823001e+04 4.819041794003e+04 3.435524241805e+05 2.304412295955e+12 5.972093557672e-03
9.470635024194e-04 8.216327373502e+01 4.803707231522e+04 4.803707020557e+04 3.436907080831e+05 2.307601696552e+12 6.031683688252e-03
9.477861740742e-04 8.266777699865e+01 4.789023608859e+04 4.789023266337e+04 3.436816645792e+05 2.308446935516e+12 6.091307438006e-03
9.485059931194e-04 8.304853462842e+01 4.777080029554e+04 4.777079649687e+04 3.436042539875e+05 2.308346885391e+12 6.150982306191e-03
9.492232823495e-04 8.326756115062e+01 4.768783665251e+04 4.768783442023e+04 3.434662785606e+05 2.307156041049e+12 6.210797031116e-03
9.499426804464e-04 8.336804448752e+01 4.762267676654e+04 4.762267687226e+04 3.432331604438e+05 2.304503120911e+12 6.270818149510e-03
9.506631894209e-04 8.345279396483e+01 4.754322352659e+04 4.754322524280e+04 3.429040202305e+05 2.300363695947e+12 6.330928938334e-03
9.513832742472e-04 8.359974260658e+01 4.742835425978e+04 4.742835531629e+04 3.424900383729e+05 2.294947129794e+12 6.390981568261e-03
9.520998596320e-04 8.383704711523e+01 4.727604165789e+04 4.727604134926e+04 3.420202231512e+05 2.288738924611e+12 6.450880149461e-03
9.528122029431e-04 8.414814476115e+01 4.710150084477e+04 4.710149842638e+04 3.415432297401e+05 2.282492978632e+12 6.510611040665e-03
9.535195199554e-04 8.448897094784e+01 4.693183976239e+04 4.693183598093e+04 3.411309010495e+05 2.277255147545e+12 6.570227281972e-03
9.542234224345e-04 8.486328186260e+01 4.678529049944e+04 4.678528624731e+04 3.408619041288e+05 2.274518766645e+12 6.629812873678e-03
9.549237925784e-04 8.521062124736e+01 4.667885896341e+04 4.667885516721e+04 3.407843901686e+05 2.274220277726e+12 6.689492732560e-03
9.556241834666e-04 8.548800345120e+01 4.661352492583e+04 4.661352188436e+04 3.407721360478e+05 2.275480462615e+12 6.749316467972e-03
9.563233745781e-04 8.571112394854e+01 4.657508908182e+04 4.657508879917e+04 3.408400727523e+05 2.277578960523e+12 6.809274342569e-03
9.570232521483e-04 8.599630328411e+01 4.653566763620e+04 4.653566795656e+04 3.409978585580e+05 2.281002070732e+12 6.869323317858e-03
9.577199224062e-04 8.639534972138e+01 4.647757535520e+04 4.647757698798e+04 3.412471544771e+05 2.285529364545e+12 6.929337074112e-03
9.584125342439e-04 8.695185990263e+01 4.638636949106e+04 4.638636977687e+04 3.415810956659e+05 2.290973123286e+12 6.989225714881e-03
9.590974349939e-04 8.759692306142e+01 4.627983623861e+04 4.627983537916e+04 3.419881272920e+05 2.297115656443e+12 7.048967247970e-03
9.597765440972e-04 8.829166148557e+01 4.616732465670e+04 4.616688474433e+04 3.424520223694e+05 2.303785361892e+12 7.108637960243e-03
9.604491076495e-04 8.898605994511e+01 4.606175841485e+04 5.477697068429e+04 3.429538700730e+05 2.310879341233e+12 7.168236240983e-03
9.611160411101e-04 8.960811480354e+01 4.598221544479e+04 5.468237776788e+04 3.434761879933e+05 2.318345122571e+12 7.227920317384e-03
9.617812208522e-04 9.013462266033e+01 4.593383472163e+04 4.885486655503e+04 3.440053187014e+05 2.326133779813e+12 7.287711034783e-03
9.624427392342e-04 9.055097832243e+01 4.591902176031e+04 4.591890680378e+04 3.445304447892e+05 2.334166642294e+12 7.347538635550e-03
9.631026334283e-04 9.093125569420e+01 4.591599640287e+04 4.591599741098e+04 3.450444169552e+05 2.342347422871e+12 7.407494119318e-03
9.637614383615e-04 9.137132076633e+01 4.589688628773e+04 4.589688790196e+04 3.455445248572e+05 2.350526878129e+12 7.467563522536e-03
9.644174749500e-04 9.191133142722e+01 4.584813083672e+04 4.584813245478e+04 3.460309506575e+05 2.358454776324e+12 7.527577464580e-03
9.650673478966e-04 9.256128459495e+01 4.576404662905e+04 4.576404697262e+04 3.464989942652e+05 2.365831882356e+12 7.587425394165e-03
9.657106274781e-04 9.325289780093e+01 4.566135253669e+04 4.566135189486e+04 3.469373911450e+05 2.372483451054e+12 7.647156869176e-03
9.663484121084e-04 9.392423245823e+01 4.555555227421e+04 4.555555089008e+04 3.473338085466e+05 2.378320814270e+12 7.706836233742e-03
9.669814255033e-04 9.454106121700e+01 4.544931179604e+04 4.544930941380e+04 3.476529447637e+05 2.382828868364e+12 7.766479121757e-03
9.676101472158e-04 9.499740494298e+01 4.535567484507e+04 4.535567229284e+04 3.478301320422e+05 2.384834572888e+12 7.826252700869e-03
9.682398510182e-04 9.528019863345e+01 4.528238485653e+04 4.528238204236e+04 3.478758945673e+05 2.384760099478e+12 7.886619728462e-03
9.688772946076e-04 9.541156789292e+01 4.523730085596e+04 4.523729908437e+04 3.478629548234e+05 2.383785264996e+12 7.946671455371e-03
9.694986444378e-04 9.545879279041e+01 4.520282741909e+04 4.520282816162e+04 3.477793179079e+05 2.381892821282e+12 8.006102502624e-03
9.701224611452e-04 9.550560104734e+01 4.515270296041e+04 4.515270448179e+04 3.476025798279e+05 2.378670889936e+12 8.065884862342e-03
9.707505576044e-04 9.561513246023e+01 4.507159604642e+04 4.507159776509e+04 3.473296405039e+05 2.374177311433e+12 8.125870481598e-03
9.713771918079e-04 9.581885756118e+01 4.495524572780e+04 4.495524533809e+04 3.469783632211e+05 2.368710578326e+12 8.185771325976e-03
9.720008510414e-04 9.607125475841e+01 4.481999316630e+04 4.481999200785e+04 3.465800860216e+05 2.362657579069e+12 8.245562491580e-03
9.726219172100e-04 9.634318816696e+01 4.467971981816e+04 4.467971771658e+04 3.461722409856e+05 2.356559043926e+12 8.305299327027e-03
9.732409352982e-04 9.663878273963e+01 4.454448919352e+04 4.454448625711e+04 3.458139446600e+05 2.351343989403e+12 8.364980337134e-03
9.738570530098e-04 9.695953801197e+01 4.443357581791e+04 4.443357280167e+04 3.455927483191e+05 2.348666935796e+12 8.424661705759e-03
9.744719924969e-04 9.728715058297e+01 4.435108839588e+04 4.435108459162e+04 3.455403253131e+05 2.348497570743e+12 8.484611749410e-03
9.750894879880e-04 9.752926439872e+01 4.430382765131e+04 4.430382553758e+04 3.455360719859e+05 2.349511646353e+12 8.544415008236e-03
9.756983579205e-04 9.770715295414e+01 4.428191727670e+04 4.428191653472e+04 3.455983614608e+05 2.351334860110e+12 8.604065857226e-03
9.763105009269e-04 9.792248459656e+01 4.426574555850e+04 4.426574544014e+04 3.457420602757e+05 2.354414296934e+12 8.663996626759e-03
9.769224030370e-04 9.822948592042e+01 4.424081262215e+04 4.424081439135e+04 3.459624174953e+05 2.358633758243e+12 8.724012993958e-03
9.775324632865e-04 9.869556805567e+01 4.418935532667e+04 4.418935680135e+04 3.462474720255e+05 2.363849338720e+12 8.783993663079e-03
9.781378713767e-04 9.927979443148e+01 4.411972821639e+04 4.411972776211e+04 3.465825066620e+05 2.369891269801e+12 8.843839007461e-03
9.787380528976e-04 9.995757379782e+01 4.403620658824e+04 4.403620575120e+04 3.469548053951e+05 2.376582507049e+12 8.903600104870e-03
9.793336006274e-04 1.006537308235e+02 4.395498840230e+04 4.395498640940e+04 3.473544144950e+05 2.383758825503e+12 8.963316354247e-03
9.799246209242e-04 1.013538968716e+02 4.387809411662e+04 4.387809201092e+04 3.477714526837e+05 2.391303748324e+12 9.023007048695e-03
9.805114674148e-04 1.020282311374e+02 4.381211212374e+04 4.381211007756e+04 3.481940315799e+05 2.399196173325e+12 9.082830591087e-03
9.810973069882e-04 1.026310711389e+02 4.376795060140e+04 4.376794717994e+04 3.486103887825e+05 2.407494521627e+12 9.143128779007e-03
9.816865148395e-04 1.031229689393e+02 4.375569118461e+04 4.375568881573e+04 3.490195976121e+05 2.416331283221e+12 9.205830743215e-03
9.823133690324e-04 1.035512739846e+02 4.376087854414e+04 4.376087775370e+04 3.494193921209e+05 2.425419604377e+12 9.268338010468e-03
9.828937866547e-04 1.039375541492e+02 4.377066195894e+04 4.377066256199e+04 3.498156566375e+05 2.434068944046e+12 9.326105690239e-03
9.834249533918e-04 1.043393626418e+02 4.376882961313e+04 4.376883133359e+04 3.501391366005e+05 2.441995595168e+12 9.383136730909e-03
9.839869702669e-04 1.048533537105e+02 4.373749288050e+04 4.373749426914e+04 3.504835282188e+05 2.449528878599e+12 9.442311240378e-03
9.845536632971e-04 1.054693089842e+02 4.368011667411e+04 4.368011666791e+04 3.508225062094e+05 2.456733557815e+12 9.501981595422e-03
9.851184910025e-04 1.061333140000e+02 4.360413839412e+04 4.360413781796e+04 3.511300891824e+05 2.463158544685e+12 9.561703668605e-03
9.856790794540e-04 1.067839105412e+02 4.351963255216e+04 4.351963217546e+04 3.513778222040e+05 2.468464614355e+12 9.621454755762e-03
9.862375938122e-04 1.073782964557e+02 4.343229436768e+04 4.343229356607e+04 3.515346178384e+05 2.472317151476e+12 9.681220704487e-03
9.867922643470e-04 1.078743546706e+02 4.333988027888e+04 4.333987826446e+04 3.515759075056e+05 2.473691523498e+12 9.741256803415e-03
9.873506683536e-04 1.082566094825e+02 4.326194214669e+04 4.326193941022e+04 3.515319397547e+05 2.474092710853e+12 9.801698241465e-03
9.879088971020e-04 1.084915838905e+02 4.320234478436e+04 4.320234292706e+04 3.514385077670e+05 2.473249103741e+12 9.868568208281e-03
9.885833900896e-04 1.085747149510e+02 4.315890118762e+04 4.315889969841e+04 3.512578376152e+05 2.470898096433e+12 9.932778074770e-03
9.890916746303e-04 1.085290189014e+02 4.313046448740e+04 4.313046410866e+04 3.510273970565e+05 2.467400330959e+12 9.989087800024e-03
9.896210798397e-04 1.084521222099e+02 4.309904048658e+04 4.309904042451e+04 3.507631482351e+05 2.463022831599e+12 1.004461307509e-02
9.901156338472e-04 1.083947145897e+02 4.305398070638e+04 4.305398126774e+04 3.504630132296e+05 2.457784597888e+12 1.010103288171e-02
9.906620864391e-04 1.084338839928e+02 4.298252529140e+04 4.298252548362e+04 3.501416040820e+05 2.452023024721e+12 1.016041450966e-02
9.912108934795e-04 1.085906541518e+02 4.288714259250e+04 4.288714178492e+04 3.498279205937e+05 2.446360373419e+12 1.022007425920e-02
9.917608872522e-04 1.088406863025e+02 4.278320680130e+04 4.278320471412e+04 3.495670967068e+05 2.441706030183e+12 1.027981314217e-02
9.923086242087e-04 1.092306873896e+02 4.268478275156e+04 4.268478072044e+04 3.494778479004e+05 2.440219436444e+12 1.033955242531e-02
9.928547059320e-04 1.096911587572e+02 4.259176655591e+04 4.259176433571e+04 3.494684417061e+05 2.440530224203e+12 1.039931112400e-02
9.933982051625e-04 1.101364461599e+02 4.250677114925e+04 4.250676814773e+04 3.495058042080e+05 2.441233075647e+12 1.045912723111e-02
9.939409241494e-04 1.105856483259e+02 4.243518992571e+04 4.243518676528e+04 3.496128103017e+05 2.443196115903e+12 1.051908367779e-02
9.944825492450e-04 1.109793811174e+02 4.238850615204e+04 4.238850376527e+04 3.497995422191e+05 2.446363020387e+12 1.058095075032e-02
9.950558532814e-04 1.113016565381e+02 4.236940962287e+04 4.236940793914e+04 3.500637572204e+05 2.450703710452e+12 1.064523927628e-02
9.956377616284e-04 1.115895713876e+02 4.236711844388e+04 4.236711740794e+04 3.503861858295e+05 2.455942164108e+12 1.070757443502e-02
9.961730752219e-04 1.118642374041e+02 4.237057827769e+04 4.237057754389e+04 3.507260203774e+05 2.461461590043e+12 1.076475042900e-02
9.966600006442e-04 1.121676743862e+02 4.236962486632e+04 4.236962603152e+04 3.510714910852e+05 2.467113748991e+12 1.082032050965e-02
9.971639147120e-04 1.125839566945e+02 4.234892790579e+04 4.234892887079e+04 3.514239827563e+05 2.473051822707e+12 1.087838405305e-02
9.976914716479e-04 1.131151635752e+02 4.230881745153e+04 4.230881756909e+04 3.517981548231e+05 2.479321684773e+12 1.093800339535e-02
9.982180499918e-04 1.137405102332e+02 4.225347137182e+04 4.225347036016e+04 3.521798098274e+05 2.485892977152e+12 1.099773478140e-02
9.987417814439e-04 1.143997466131e+02 4.219380515987e+04 4.219380391604e+04 3.525636989702e+05 2.492636847653e+12 1.105746770433e-02
9.992623341741e-04 1.150800524384e+02 4.213240433977e+04 4.213240355609e+04 3.529448306952e+05 2.499548577271e+12 1.111725743547e-02
9.997808795304e-04 1.157702547772e+02 4.207138864703e+04 4.207138653117e+04 3.533194207821e+05 2.506616613416e+12 1.117701833373e-02
1.000294739231e-03 1.164343887905e+02 4.201752178248e+04 4.201752074120e+04 3.536859815803e+05 2.513819741453e+12 1.123699000560e-02
1.000811016288e-03 1.170418910438e+02 4.197664259332e+04 4.197664055769e+04 3.540503200013e+05 2.521165823073e+12 1.129740484896e-02
1.001327101966e-03 1.175398722794e+02 4.195484365924e+04 4.195484159428e+04 3.544190559346e+05 2.528286023007e+12 1.136331727944e-02
1.001932549419e-03 1.179648130731e+02 4.195241355191e+04 4.195241270181e+04 3.549403567240e+05 2.535909823099e+12 1.142649823521e-02
1.002398285044e-03 1.182784132823e+02 4.196224102459e+04 4.196224101692e+04 3.552198760819e+05 2.542659160479e+12 1.148457555823e-02
1.002914593757e-03 1.185437214952e+02 4.196474743403e+04 4.196474686003e+04 3.554001169503e+05 2.547806779929e+12 1.154177241989e-02
1.003363276879e-03 1.188490858735e+02 4.196020921855e+04 4.196021127686e+04 3.556571053437e+05 2.553008185699e+12 1.159738001160e-02
1.003850361858e-03 1.192610395982e+02 4.193299572380e+04 4.193299612411e+04 3.558834209900e+05 2.557960064057e+12 1.165609827894e-02
1.004347978463e-03 1.196866138622e+02 4.188503362434e+04 4.188503323071e+04 3.559978864517e+05 2.561114155245e+12 1.171570757156e-02
1.004846451407e-03 1.200996144285e+02 4.181554478122e+04 4.181554389895e+04 3.560043331630e+05 2.561897501169e+12 1.177548695106e-02
1.005343475073e-03 1.205065112011e+02 4.173931746767e+04 4.173931748945e+04 3.559588642379e+05 2.561870297146e+12 1.183528072535e-02
1.005838825573e-03 1.209039926505e+02 4.165346931079e+04 4.165346755737e+04 3.558807273841e+05 2.560686360779e+12 1.189508602596e-02
1.006332777400e-03 1.212321737423e+02 4.156719278341e+04 4.156719191796e+04 3.557274761144e+05 2.558162029568e+12 1.195483666551e-02
1.006824548055e-03 1.215018764134e+02 4.147970338143e+04 4.147970066411e+04 3.554928983605e+05 2.554429626345e+12 1.201485713707e-02
1.007320753443e-03 1.216625576674e+02 4.140295242015e+04 4.140295055832e+04 3.551869587484e+05 2.549767708838e+12 1.207478129185e-02
1.007809635923e-03 1.217088884083e+02 4.133697652880e+04 4.133697363983e+04 3.548107679113e+05 2.544102798914e+12 1.214042412069e-02
1.008399439309e-03 1.216467499810e+02 4.128611341411e+04 4.128611017417e+04 3.544181158860e+05 2.537981131337e+12 1.220122981012e-02
1.008809345154e-03 1.214839561790e+02 4.126406683252e+04 4.126406577842e+04 3.541270620625e+05 2.532894318839e+12 1.225871766712e-02
1.009345866455e-03 1.214145567837e+02 4.124670844255e+04 4.124670733637e+04 3.539347873858e+05 2.529946139789e+12 1.232195575966e-02
1.009851033963e-03 1.214945196917e+02 4.122961892060e+04 4.122961882149e+04 3.538952347744e+05 2.529701121066e+12 1.237856778934e-02
1.010277793753e-03 1.216618012192e+02 4.120527114080e+04 4.120527262885e+04 3.539053478435e+05 2.530303627524e+12 1.243431143470e-02
1.010767404505e-03 1.219851851393e+02 4.116345920889e+04 4.116345835341e+04 3.539705587318e+05 2.531970418736e+12 1.249382803587e-02
1.011253594234e-03 1.224241610573e+02 4.111430765019e+04 4.111430758446e+04 3.540955641461e+05 2.534953840391e+12 1.255345124136e-02
1.011741447618e-03 1.229705136782e+02 4.105780786483e+04 4.105780699255e+04 3.542643897312e+05 2.539087163534e+12 1.261324837038e-02
1.012226138419e-03 1.235685864053e+02 4.100273366459e+04 4.100273223882e+04 3.544643775701e+05 2.544233666343e+12 1.267302635811e-02
1.012708974875e-03 1.242278902822e+02 4.094562924569e+04 4.094562782379e+04 3.546879780292e+05 2.550210690226e+12 1.273283128332e-02
1.013188964481e-03 1.249017392485e+02 4.089216201925e+04 4.089216125918e+04 3.549348098660e+05 2.556751753587e+12 1.279256889280e-02
1.013665528560e-03 1.255688007486e+02 4.084251694478e+04 4.084251565725e+04 3.552024215094e+05 2.563503098277e+12 1.285251819654e-02
1.014143808414e-03 1.261814516062e+02 4.080513239696e+04 4.080513130317e+04 3.554988081696e+05 2.570486697519e+12 1.291243770785e-02
1.014615264207e-03 1.266993486207e+02 4.077838859377e+04 4.077838619953e+04 3.557869398953e+05 2.576852813028e+12 1.297720447573e-02
1.015166177804e-03 1.272294563463e+02 4.077601586310e+04 4.077601321073e+04 3.562858150430e+05 2.585881438014e+12 1.303848661675e-02
1.015578596800e-03 1.275702755441e+02 4.079081048931e+04 4.079081111115e+04 3.564066070077e+05 2.593342323574e+12 1.309430760170e-02
1.016041318736e-03 1.278056819218e+02 4.080588808883e+04 4.080588661226e+04 3.566925717876e+05 2.598993671041e+12 1.315763270761e-02
1.016569555965e-03 1.282158578008e+02 4.082343977399e+04 4.082344069512e+04 3.571789369730e+05 2.607959237861e+12 1.321717792072e-02
1.016970146326e-03 1.286161357612e+02 4.082499551776e+04 4.082499775527e+04 3.573054378944e+05 2.615119110190e+12 1.327233052940e-02
1.017427187215e-03 1.290754219103e+02 4.080506776282e+04 4.080506680856e+04 3.575785221902e+05 2.621099872523e+12 1.333142912189e-02
1.017885868183e-03 1.296500748539e+02 4.077525424734e+04 4.077525387375e+04 3.578497718095e+05 2.628057216058e+12 1.339101766328e-02
1.018346408303e-03 1.302999303921e+02 4.073370608057e+04 4.073370574351e+04 3.581258669405e+05 2.635080132443e+12 1.345082528330e-02
1.018803867446e-03 1.309706528438e+02 4.068961651727e+04 4.068961493905e+04 3.583965368454e+05 2.642158922654e+12 1.351061555622e-02
1.019259441438e-03 1.316675351488e+02 4.063936139131e+04 4.063936108776e+04 3.586576215191e+05 2.649001684548e+12 1.357041321695e-02
1.019712180351e-03 1.323381766617e+02 4.058872087237e+04 4.058871943957e+04 3.588994727303e+05 2.655298549409e+12 1.363018764439e-02
1.020162800227e-03 1.329750585407e+02 4.053661202523e+04 4.053661104980e+04 3.591138072083e+05 2.660809784775e+12 1.368993003664e-02
1.020610730695e-03 1.335256629489e+02 4.049029753460e+04 4.049029578945e+04 3.592970834803e+05 2.665402347512e+12 1.374988997290e-02
1.021060903781e-03 1.339901185741e+02 4.044939240862e+04 4.044939124667e+04 3.594467731692e+05 2.669053845817e+12 1.380998557483e-02
1.021507746125e-03 1.343085512111e+02 4.042503756503e+04 4.042503637153e+04 3.595636930482e+05 2.671931935847e+12 1.387416959308e-02
1.022016673427e-03 1.344903849133e+02 4.040610316449e+04 4.040610171011e+04 3.596125338786e+05 2.673038172643e+12 1.393463786077e-02
1.022406966805e-03 1.345019511517e+02 4.040057732529e+04 4.040057741101e+04 3.596180722168e+05 2.672650958220e+12 1.399315950850e-02
1.022886871179e-03 1.344757187748e+02 4.039566006005e+04 4.039566170564e+04 3.595563224834e+05 2.671682304893e+12 1.405561085896e-02
1.023335779099e-03 1.344533697088e+02 4.037302548008e+04 4.037302709915e+04 3.594538730785e+05 2.668905986033e+12 1.411255938265e-02
1.023733983063e-03 1.344315502520e+02 4.033734545261e+04 4.033734612513e+04 3.592688209706e+05 2.664761156372e+12 1.416921498666e-02
1.024178670577e-03 1.344267368544e+02 4.028481789732e+04 4.028481784880e+04 3.590174183945e+05 2.659129329948e+12 1.422888541092e-02
1.024621759196e-03 1.344750541020e+02 4.021442768678e+04 4.021442587004e+04 3.587227086870e+05 2.652518744921e+12 1.428859882065e-02
1.025066767037e-03 1.345492305718e+02 4.013956182564e+04 4.013956101166e+04 3.584307433072e+05 2.645876686744e+12 1.434845575364e-02
1.025511499445e-03 1.347367341743e+02 4.006040062232e+04 4.006039874037e+04 3.582135761458e+05 2.640693419369e+12 1.440826374692e-02
1.025954542648e-03 1.350740239327e+02 3.999169536296e+04 3.999169322299e+04 3.581576932301e+05 2.639119365376e+12 1.446805474497e-02
1.026396806572e-03 1.354865570648e+02 3.992348646283e+04 3.992348530646e+04 3.581766713119e+05 2.638832491446e+12 1.452785077502e-02
1.026837228449e-03 1.358911718860e+02 3.986328055220e+04 3.986327877869e+04 3.582198640323e+05 2.639227790490e+12 1.458762358261e-02
1.027276522403e-03 1.363128697856e+02 3.980741741892e+04 3.980741537007e+04 3.583074158516e+05 2.640338771489e+12 1.464753371512e-02
1.027716237637e-03 1.367060577778e+02 3.976532245139e+04 3.976531912547e+04 3.584470236993e+05 2.642410185994e+12 1.470735031470e-02
1.028151635043e-03 1.370329449759e+02 3.973806425834e+04 3.973806263246e+04 3.586220838915e+05 2.644939684780e+12 1.477110547954e-02
1.028646746207e-03 1.373717316211e+02 3.973005077921e+04 3.973004846329e+04 3.589546009245e+05 2.649707169073e+12 1.483107837661e-02
1.029024782617e-03 1.376059807163e+02 3.974328566743e+04 3.974328673984e+04 3.590914095525e+05 2.655006960033e+12 1.488739445557e-02
1.029465258290e-03 1.377598944615e+02 3.975869668404e+04 3.975869678921e+04 3.593546912811e+05 2.659209664147e+12 1.495077113737e-02
1.029944886135e-03 1.380803493733e+02 3.977089970894e+04 3.977089979087e+04 3.597537530357e+05 2.665837223433e+12 1.501163892923e-02
1.030346886880e-03 1.384570370539e+02 3.977635956037e+04 3.977636062630e+04 3.599276014809e+05 2.672677326706e+12 1.506806046925e-02
1.030759890432e-03 1.388627934841e+02 3.976623968997e+04 3.976624055670e+04 3.601459213924e+05 2.678321215268e+12 1.512649725299e-02
1.031188534701e-03 1.393898490001e+02 3.974286957593e+04 3.974286972682e+04 3.603948472340e+05 2.684535116686e+12 1.518617980707e-02
1.031616230467e-03 1.399780776432e+02 3.971279955265e+04 3.971280031096e+04 3.606548801064e+05 2.691014112975e+12 1.524596386306e-02
1.032042726400e-03 1.406273081720e+02 3.967380953852e+04 3.967380814348e+04 3.609255701822e+05 2.697501565447e+12 1.530578435950e-02
1.032466996896e-03 1.412983688249e+02 3.963127075142e+04 3.963126871962e+04 3.612053980452e+05 2.703922827380e+12 1.536558422980e-02
1.032889160379e-03 1.419936865468e+02 3.958506036436e+04 3.958505788828e+04 3.614910770877e+05 2.710297824121e+12 1.542536612888e-02
1.033309032913e-03 1.426794026895e+02 3.954027285537e+04 3.954027278632e+04 3.617751926309e+05 2.716625106828e+12 1.548514124528e-02
1.033727054501e-03 1.433679013987e+02 3.949558928506e+04 3.949558876499e+04 3.620477855139e+05 2.722964397563e+12 1.554491132881e-02
1.034142832988e-03 1.440074269550e+02 3.945863491763e+04 3.945863351617e+04 3.623027191720e+05 2.729316147709e+12 1.560478279830e-02
1.034558559803e-03 1.445997767772e+02 3.942942120813e+04 3.942942018103e+04 3.625543565449e+05 2.735724417097e+12 1.566516986982e-02
1.034978063483e-03 1.450527229887e+02 3.941607429747e+04 3.941607147579e+04 3.627958316246e+05 2.741606989266e+12 1.572785914374e-02
1.035422925154e-03 1.454751887546e+02 3.941874715420e+04 3.941874576699e+04 3.631300998640e+05 2.748770836427e+12 1.578705632699e-02
1.035791909249e-03 1.457336658408e+02 3.943279073429e+04 3.943278878539e+04 3.632362960502e+05 2.754539949388e+12 1.584351760941e-02
1.036197780875e-03 1.458466208875e+02 3.945220636378e+04 3.945220617243e+04 3.634260482852e+05 2.758547720420e+12 1.590621412981e-02
1.036651668907e-03 1.460600895629e+02 3.946703505518e+04 3.946703615752e+04 3.636832172555e+05 2.763680881192e+12 1.596757888085e-02
1.037038048073e-03 1.463076883940e+02 3.946364184096e+04 3.946364302582e+04 3.637590709393e+05 2.767328739722e+12 1.602480716832e-02
1.037433969387e-03 1.465680246246e+02 3.944779578465e+04 3.944779647584e+04 3.638554313210e+05 2.769782556494e+12 1.608369135956e-02
1.037841554723e-03 1.468995655616e+02 3.941815873463e+04 3.941815944397e+04 3.639039773630e+05 2.771834668163e+12 1.614346842485e-02
1.038247818837e-03 1.472595460487e+02 3.937453125200e+04 3.937453061408e+04 3.639102667924e+05 2.772757929389e+12 1.620329588058e-02
1.038654099068e-03 1.476349076353e+02 3.932519528523e+04 3.932519456562e+04 3.638749127454e+05 2.773266193107e+12 1.626315486775e-02
1.039058724444e-03 1.480110108125e+02 3.926739494726e+04 3.926739469214e+04 3.638085714844e+05 2.772807716685e+12 1.632298546036e-02
1.039462560442e-03 1.483516963180e+02 3.920563950200e+04 3.920563906655e+04 3.636947076356e+05 2.771307900549e+12 1.638280514261e-02
1.039865182121e-03 1.486615129751e+02 3.913842905631e+04 3.913842765135e+04 3.635320519302e+05 2.768673369880e+12 1.644261214204e-02
1.040267166803e-03 1.489136956947e+02 3.907146437401e+04 3.907146416732e+04 3.633301914237e+05 2.765125465560e+12 1.650239612710e-02
1.040668116798e-03 1.491410030698e+02 3.900403756984e+04 3.900403447871e+04 3.631097801154e+05 2.761113917789e+12 1.656226570250e-02
1.041070025496e-03 1.493236685992e+02 3.894594029689e+04 3.894593875502e+04 3.628976047223e+05 2.757437630305e+12 1.662207978317e-02
1.041469250084e-03 1.495021879249e+02 3.889852734674e+04 3.889852422839e+04 3.627257718840e+05 2.754897819713e+12 1.668408893294e-02
1.041899567199e-03 1.496337091496e+02 3.886972725212e+04 3.886972471980e+04 3.626413146394e+05 2.753716690009e+12 1.674485840990e-02
1.042281493225e-03 1.497463558192e+02 3.886383875565e+04 3.886383550727e+04 3.626421819129e+05 2.754831540103e+12 1.680237222960e-02
1.042667717040e-03 1.498355316935e+02 3.886792502120e+04 3.886792427488e+04 3.626347442415e+05 2.756706038075e+12 1.686094355292e-02
1.043063301420e-03 1.498742525896e+02 3.887911871286e+04 3.887911803994e+04 3.626542901358e+05 2.758589338437e+12 1.692312350979e-02
1.043497478734e-03 1.500916466767e+02 3.889230969796e+04 3.889230890765e+04 3.628158916618e+05 2.763529683799e+12 1.698427501793e-02
1.043878157004e-03 1.503906621006e+02 3.889189562886e+04 3.889189622771e+04 3.628235991793e+05 2.768216646559e+12 1.704198709717e-02
1.044264974248e-03 1.507082539720e+02 3.887803785477e+04 3.887803720536e+04 3.629637950660e+05 2.771662476514e+12 1.710098704537e-02
1.044661126040e-03 1.511811300151e+02 3.885844608720e+04 3.885844630778e+04 3.631301862536e+05 2.776899487491e+12 1.716076125071e-02
1.045055737028e-03 1.517478918024e+02 3.883023825170e+04 3.883023697299e+04 3.633306568712e+05 2.782615048060e+12 1.722057543358e-02
1.045449462302e-03 1.523491777863e+02 3.879993830512e+04 3.879993727638e+04 3.635455762903e+05 2.788609501176e+12 1.728042668275e-02
1.045841448510e-03 1.530136048837e+02 3.876292606395e+04 3.876292661819e+04 3.637689922004e+05 2.794794454889e+12 1.734024287633e-02
1.046231303807e-03 1.536867068533e+02 3.872631329306e+04 3.872631133835e+04 3.639959278988e+05 2.801125824245e+12 1.740004661178e-02
1.046619703659e-03 1.543884713435e+02 3.868721078355e+04 3.868720968722e+04 3.642232784827e+05 2.807580421719e+12 1.745983344496e-02
1.047005802481e-03 1.550697993374e+02 3.865158720964e+04 3.865158686254e+04 3.644507288885e+05 2.814081647098e+12 1.751959673047e-02
1.047390495725e-03 1.557571998122e+02 3.861505132000e+04 3.861504851608e+04 3.646780451287e+05 2.820535217570e+12 1.757939825514e-02
1.047773683834e-03 1.563844718090e+02 3.858637771792e+04 3.858637571985e+04 3.649123725197e+05 2.826939315237e+12 1.763919482773e-02
1.048155233706e-03 1.569288025166e+02 3.856352972996e+04 3.856352519319e+04 3.651451888289e+05 2.832713689217e+12 1.770013426661e-02
1.048550334620e-03 1.574060291422e+02 3.855421393620e+04 3.855421027570e+04 3.654932554039e+05 2.839022830753e+12 1.776124731379e-02
1.048931735693e-03 1.578319094278e+02 3.856306527379e+04 3.856306474307e+04 3.657206299670e+05 2.846672861833e+12 1.781977776967e-02
1.049292015514e-03 1.581154808284e+02 3.857850154470e+04 3.857850062778e+04 3.658118491901e+05 2.852897010331e+12 1.787815903939e-02
1.049670199370e-03 1.583201237049e+02 3.859593069475e+04 3.859593052024e+04 3.660369996695e+05 2.858136987966e+12 1.793811673767e-02
1.050049439105e-03 1.585190289474e+02 3.861532981694e+04 3.861533104831e+04 3.662808884752e+05 2.863526143511e+12 1.799951431911e-02
1.050444839258e-03 1.588491175106e+02 3.862585442211e+04 3.862585641268e+04 3.665863750357e+05 2.869904468741e+12 1.805943471199e-02
1.050803870654e-03 1.592509072860e+02 3.862178687818e+04 3.862178752236e+04 3.666855500442e+05 2.875661585733e+12 1.811800865896e-02
1.051180457635e-03 1.596577036538e+02 3.860688653203e+04 3.860688566726e+04 3.668889313398e+05 2.880198966868e+12 1.817791459700e-02
1.051554300312e-03 1.601601088337e+02 3.858159385673e+04 3.858159424474e+04 3.670652699607e+05 2.884965058132e+12 1.823772113194e-02
1.051927291980e-03 1.606669485875e+02 3.855039305362e+04 3.855039314349e+04 3.672190932416e+05 2.889072722565e+12 1.829759702864e-02
1.052299642117e-03 1.611970254651e+02 3.851100326844e+04 3.851100223950e+04 3.673419028480e+05 2.892532989260e+12 1.835743856482e-02
1.052669756501e-03 1.617098146429e+02 3.846886835802e+04 3.846886585264e+04 3.674371174476e+05 2.895368808885e+12 1.841726044459e-02
1.053039509143e-03 1.622202666726e+02 3.842139916917e+04 3.842139690332e+04 3.675092720870e+05 2.897497203591e+12 1.847707562782e-02
1.053407212855e-03 1.626846117347e+02 3.837203162160e+04 3.837203129106e+04 3.675554011124e+05 2.898659392924e+12 1.853687639547e-02
1.053774683379e-03 1.630992809670e+02 3.831930814381e+04 3.831930638326e+04 3.675581878088e+05 2.898628532185e+12 1.859666790452e-02
1.054140404427e-03 1.634752434732e+02 3.826717371329e+04 3.826717211580e+04 3.675521612923e+05 2.898054059702e+12 1.865644974724e-02
1.054506070487e-03 1.637735837040e+02 3.821881766716e+04 3.821881664166e+04 3.675101006002e+05 2.896735603955e+12 1.871622949897e-02
1.054870433658e-03 1.639804336866e+02 3.817434207810e+04 3.817433819089e+04 3.674281235262e+05 2.894484257049e+12 1.877670867914e-02
1.055243709470e-03 1.640369470219e+02 3.814285132844e+04 3.814284876044e+04 3.673240449970e+05 2.891521588627e+12 1.883707579012e-02
1.055606452123e-03 1.639569873257e+02 3.812418878881e+04 3.812418751857e+04 3.672094736137e+05 2.888047061454e+12 1.889603466168e-02
1.055962908725e-03 1.637548636534e+02 3.811423918393e+04 3.811423704791e+04 3.670287390840e+05 2.883780326907e+12 1.895507249724e-02
1.056327503508e-03 1.635512499350e+02 3.811959294606e+04 3.811959107827e+04 3.669850714580e+05 2.881343800924e+12 1.901489290909e-02
1.056694427583e-03 1.633950251208e+02 3.812603226155e+04 3.812603382475e+04 3.669241659543e+05 2.879754854155e+12 1.907573296670e-02
1.057072202529e-03 1.633919501044e+02 3.812261896708e+04 3.812261809457e+04 3.669271747688e+05 2.879295760113e+12 1.913602513855e-02
1.057432434221e-03 1.634972353898e+02 3.811019711420e+04 3.811019650793e+04 3.669470181501e+05 2.879389493810e+12 1.919526554968e-02
1.057796868129e-03 1.637141946007e+02 3.808954193911e+04 3.808954297178e+04 3.669950635351e+05 2.880175798408e+12 1.925503101580e-02
1.058162553760e-03 1.640653523316e+02 3.805881612848e+04 3.805881386706e+04 3.670788428135e+05 2.881764590571e+12 1.931487253718e-02
1.058526352088e-03 1.644586635486e+02 3.802880667754e+04 3.802880682499e+04 3.671986611760e+05 2.884062549511e+12 1.937475671911e-02
1.058890811921e-03 1.649509527936e+02 3.799437576116e+04 3.799437504122e+04 3.673385463250e+05 2.887297947867e+12 1.943463161028e-02
1.059252324144e-03 1.655111857521e+02 3.795952899685e+04 3.795952830040e+04 3.674888859623e+05 2.891481201448e+12 1.949444421952e-02
1.059613574059e-03 1.661327036821e+02 3.792085519954e+04 3.792085169199e+04 3.676602315136e+05 2.896089368122e+12 1.955425826909e-02
1.059972399701e-03 1.667481338346e+02 3.788195852260e+04 3.788195826367e+04 3.678669750527e+05 2.900546762098e+12 1.961404615835e-02
1.060330678207e-03 1.673759433673e+02 3.784243286615e+04 3.784243173598e+04 3.680934676510e+05 2.905079616646e+12 1.967383939983e-02
1.060686878022e-03 1.680451748082e+02 3.780616453079e+04 3.780616297181e+04 3.682966992953e+05 2.910597421889e+12 1.973360579867e-02
1.061041991685e-03 1.687459845443e+02 3.777466096310e+04 3.777466010415e+04 3.684670720150e+05 2.917139734411e+12 1.979335497515e-02
1.061395033260e-03 1.693967001724e+02 3.774589303909e+04 3.774589180752e+04 3.686683746696e+05 2.923245767134e+12 1.985302851892e-02
1.061746533671e-03 1.698607478434e+02 3.772230706793e+04 3.772230682803e+04 3.689401417931e+05 2.927202375950e+12 1.991290900154e-02
1.062100087057e-03 1.702522253247e+02 3.770727283665e+04 3.770726861585e+04 3.692929240570e+05 2.931133175550e+12 1.997268838866e-02
1.062448778672e-03 1.707994467377e+02 3.772351177429e+04 3.772351030660e+04 3.694073153220e+05 2.941259128264e+12 2.003213652540e-02
1.062796203326e-03 1.712225923971e+02 3.775430349129e+04 3.775430507549e+04 3.694120781238e+05 2.951375085965e+12 2.009175187473e-02
1.063145127776e-03 1.712954046656e+02 3.777496983108e+04 3.777496974600e+04 3.697077778630e+05 2.955040670412e+12 2.015162945011e-02
1.063495318115e-03 1.712273174391e+02 3.778457446443e+04 3.778457349813e+04 3.701094067394e+05 2.955232336383e+12 2.021158708821e-02
1.063845455725e-03 1.714316674876e+02 3.780250010260e+04 3.780249949601e+04 3.703484282400e+05 2.960511059220e+12 2.027156791339e-02
1.064195081771e-03 1.721660068312e+02 3.783189088731e+04 3.779537416104e+04 3.703961874491e+05 2.975111147862e+12 2.033175554651e-02
1.064544637105e-03 1.722944565306e+02 3.780489324290e+04 4.495784283754e+04 3.693507409092e+05 2.973621550302e+12 2.039617059834e-02
1.064942813916e-03 1.519316863228e+02 3.657911762746e+04 4.350014141743e+04 3.493543079322e+05 2.531665341802e+12 2.049112731452e-02
1.065794629368e-03 7.066200832409e+01 2.803901479812e+04 3.334419030639e+04 2.446045520650e+05 8.565168036580e+11 2.059489304031e-02
1.067879773345e-03 2.521821405105e+01 6.612760508529e+03 7.863927775439e+03 4.562138452115e+04 3.500276400392e+10 2.065905444415e-02
1.070883126413e-03 1.977012472733e+01 2.639995681865e+02 3.135985264242e+02 9.094993931216e+02 1.641151924570e+08 2.071936026859e-02
1.073980475821e-03 1.932713863301e+01 1.160692245063e+02 6.527053055330e+01 1.041459923748e+00 4.321823072447e+07 2.077923257931e-02
1.077078798919e-03 1.932000453696e+01 1.160453016754e+02 1.380017405371e+02 4.139567022903e-04 4.319026410351e+07 2.083909220247e-02
1.080177122725e-03 1.932000036924e+01 1.160452928163e+02 1.380017300018e+02 2.038037952418e-06 4.319025081535e+07 2.089895181956e-02
1.083275446533e-03 1.931999982437e+01 1.160452947368e+02 1.380017322856e+02 -4.972934212520e-06 4.319025091143e+07 2.095881143520e-02
1.086373770363e-03 1.931999993235e+01 1.160452941345e+02 1.380017315694e+02 3.430974551340e-06 4.319025076038e+07 2.101867105133e-02
1.089472094187e-03 1.931999992700e+01 1.160452941046e+02 1.380017315339e+02 8.584280299105e-06 4.319025073232e+07 2.107853066724e-02
1.092570417996e-03 1.932000024245e+01 1.160452927447e+02 1.380017299167e+02 3.001705972795e-06 4.319025052898e+07 2.113839028401e-02
1.095668741808e-03 1.931999986181e+01 1.160452940091e+02 1.380017314203e+02 -1.274692322693e-06 4.319025055011e+07 2.119824989973e-02
1.098767065631e-03 1.932000005611e+01 1.160452932553e+02 1.380017305238e+02 3.454370122767e-07 4.319025047475e+07 2.125810951604e-02
1.101865389441e-03 1.932000009060e+01 1.160452933165e+02 1.380017305966e+02 -4.917624619190e-06 4.319025057751e+07 2.131796913239e-02
1.104963713257e-03 1.931999993736e+01 1.160452941330e+02 1.380017315676e+02 -6.358304628907e-06 4.319025076911e+07 2.137782874837e-02
1.108062037078e-03 1.931999997791e+01 1.160452941891e+02 1.380017316344e+02 -4.001861977975e-06 4.319025088050e+07 2.143768836450e-02
1.111160360897e-03 1.931999998630e+01 1.160452942252e+02 1.380017316773e+02 -4.799866930415e-07 4.319025091812e+07 2.149754798072e-02
1.114258684724e-03 1.931999982846e+01 1.160452947855e+02 1.380017323435e+02 5.692645398919e-06 4.319025094831e+07 2.155740759641e-02
1.117357008539e-03 1.932000025164e+01 1.160452931669e+02 1.380017304188e+02 2.127215791945e-06 4.319025079805e+07 2.161726721314e-02
1.120455332339e-03 1.931999997342e+01 1.160452941643e+02 1.380017316048e+02 -7.292557905957e-06 4.319025085708e+07 2.167712682922e-02
1.123553656174e-03 1.931999976951e+01 1.160452946634e+02 1.380017321984e+02 4.073633436341e-06 4.319025076230e+07 2.173698644496e-02
1.126651980005e-03 1.932000013094e+01 1.160452932723e+02 1.380017305440e+02 1.224459890102e-05 4.319025062871e+07 2.179684606139e-02
1.129750303796e-03 1.932000022510e+01 1.160452927193e+02 1.380017298864e+02 -3.528321365704e-06 4.319025048047e+07 2.185670567803e-02
1.132848627618e-03 1.931999970261e+01 1.160452945999e+02 1.380017321228e+02 -1.960291509232e-06 4.319025059581e+07 2.191656529343e-02
1.135946951449e-03 1.932000005701e+01 1.160452932497e+02 1.380017305172e+02 6.250788129593e-06 4.319025047317e+07 2.197642490983e-02
1.139045275260e-03 1.932000006124e+01 1.160452931894e+02 1.380017304454e+02 2.619268349989e-06 4.319025044537e+07 2.203628452605e-02
1.142143599071e-03 1.932000004848e+01 1.160452932526e+02 1.380017305207e+02 -3.247483434549e-06 4.319025045850e+07 2.209614414225e-02
1.145241922883e-03 1.932000007642e+01 1.160452932252e+02 1.380017304880e+02 -6.465464452432e-06 4.319025049587e+07 2.215600375869e-02
1.148340246711e-03 1.931999972297e+01 1.160452946131e+02 1.380017321385e+02 1.754249969193e-07 4.319025064281e+07 2.221586337414e-02
1.151438570534e-03 1.932000016966e+01 1.160452930478e+02 1.380017302771e+02 3.150020148244e-06 4.319025056952e+07 2.227572299068e-02
1.154536894332e-03 1.932000014254e+01 1.160452932873e+02 1.380017305619e+02 -8.551194387938e-06 4.319025065997e+07 2.233558260715e-02
1.157635218156e-03 1.931999980992e+01 1.160452947100e+02 1.380017322537e+02 -5.558760249061e-06 4.319025086769e+07 2.239544222286e-02
1.160733541982e-03 1.932000000382e+01 1.160452942120e+02 1.380017316615e+02 9.285420637402e-07 4.319025094393e+07 2.245530183911e-02
1.163831865800e-03 1.932000000419e+01 1.160452942390e+02 1.380017316936e+02 1.646623365604e-06 4.319025096072e+07 2.251516145525e-02
1.166930189614e-03 1.932000004794e+01 1.160452941244e+02 1.380017315573e+02 -9.158396643364e-07 4.319025097656e+07 2.257502107147e-02
1.170028513427e-03 1.932000000441e+01 1.160452942311e+02 1.380017316843e+02 -2.399376582294e-06 4.319025095648e+07 2.263488068770e-02
1.173126837256e-03 1.931999979186e+01 1.160452947091e+02 1.380017322527e+02 5.527551163992e-06 4.319025083247e+07 2.269474030345e-02
1.176225161086e-03 1.932000013280e+01 1.160452932865e+02 1.380017305609e+02 1.231351103591e-05 4.319025064075e+07 2.275459991986e-02
1.179323484875e-03 1.932000027196e+01 1.160452926886e+02 1.380017298500e+02 -5.773211039344e-06 4.319025055229e+07 2.281445953656e-02
1.182421808691e-03 1.931999976503e+01 1.160452947009e+02 1.380017322429e+02 -7.157986636960e-06 4.319025077596e+07 2.287431915221e-02
1.185520132533e-03 1.931999974336e+01 1.160452946353e+02 1.380017321649e+02 9.123709882333e-06 4.319025069526e+07 2.293417876783e-02
1.188618456353e-03 1.932000020421e+01 1.160452926186e+02 1.380017297667e+02 1.088066236667e-05 4.319025038035e+07 2.299403838443e-02
1.191716780149e-03 1.932000024083e+01 1.160452926998e+02 1.380017298633e+02 -4.802255471482e-06 4.319025049911e+07 2.305389800098e-02
1.194815103951e-03 1.931999989290e+01 1.160452940721e+02 1.380017314952e+02 -1.539004586600e-05 4.319025064738e+07 2.311375761691e-02
1.197913427794e-03 1.931999977912e+01 1.160452947234e+02 1.380017322698e+02 8.795965616451e-07 4.319025081650e+07 2.317361723264e-02
1.201011751613e-03 1.932000016079e+01 1.160452933033e+02 1.380017305809e+02 4.391198929900e-06 4.319025070458e+07 2.323347684926e-02
1.204110075426e-03 1.931999993495e+01 1.160452941226e+02 1.380017315552e+02 1.660046743594e-06 4.319025075827e+07 2.329333646515e-02
1.207208399242e-03 1.932000010612e+01 1.160452933442e+02 1.380017306295e+02 -3.947228773519e-07 4.319025062382e+07 2.335319608161e-02
1.210306723058e-03 1.931999990733e+01 1.160452940809e+02 1.380017315056e+02 -3.591045953722e-07 4.319025068033e+07 2.341305569757e-02
1.213405046887e-03 1.931999989458e+01 1.160452940481e+02 1.380017314666e+02 5.640728770457e-06 4.319025063632e+07 2.347291531341e-02
1.216503370695e-03 1.932000029743e+01 1.160452927793e+02 1.380017299578e+02 -2.217161479143e-06 4.319025065524e+07 2.353277493019e-02
1.219601694491e-03 1.931999997273e+01 1.160452941733e+02 1.380017316155e+02 -1.687197675743e-05 4.319025086109e+07 2.359263454621e-02
1.222700018325e-03 1.931999986702e+01 1.160452948233e+02 1.380017323885e+02 -6.149709572018e-06 4.319025104493e+07 2.365249416221e-02
1.225798342152e-03 1.931999993532e+01 1.160452948944e+02 1.380017324730e+02 1.921850610662e-06 4.319025121860e+07 2.371235377825e-02
1.228896665969e-03 1.932000005015e+01 1.160452943114e+02 1.380017317797e+02 5.203961797599e-06 4.319025109218e+07 2.377221339460e-02
1.231994989791e-03 1.931999983917e+01 1.160452947835e+02 1.380017323411e+02 7.739061825932e-06 4.319025096768e+07 2.383207301031e-02
1.235093313610e-03 1.932000014784e+01 1.160452932941e+02 1.380017305700e+02 7.371205569716e-06 4.319025067422e+07 2.389193262680e-02
1.238191637414e-03 1.932000013741e+01 1.160452933668e+02 1.380017306565e+02 -2.837661475700e-06 4.319025069749e+07 2.395179224322e-02
1.241289961228e-03 1.931999995080e+01 1.160452941648e+02 1.380017316054e+02 -6.809095973091e-06 4.319025081388e+07 2.401165185922e-02
1.244388285048e-03 1.931999998113e+01 1.160452941728e+02 1.380017316149e+02 -3.883154926857e-06 4.319025087697e+07 2.407151147542e-02
1.247486608874e-03 1.931999985247e+01 1.160452948171e+02 1.380017323811e+02 2.027647588179e-06 4.319025101327e+07 2.413137109118e-02
1.250584932690e-03 1.932000017822e+01 1.160452934463e+02 1.380017307509e+02 2.615956726919e-06 4.319025082325e+07 2.419123070788e-02
1.253683256509e-03 1.931999979630e+01 1.160452947417e+02 1.380017322915e+02 3.162673147065e-06 4.319025086041e+07 2.425109032345e-02
1.256781580330e-03 1.932000011648e+01 1.160452932415e+02 1.380017305074e+02 6.002672336791e-06 4.319025058262e+07 2.431094994001e-02
1.259879904148e-03 1.931999985078e+01 1.160452939874e+02 1.380017313945e+02 7.391252724652e-06 4.319025051599e+07 2.437080955574e-02
1.262978227968e-03 1.932000014377e+01 1.160452926009e+02 1.380017297457e+02 6.508506146902e-06 4.319025025361e+07 2.443066917219e-02
1.266076551768e-03 1.932000021312e+01 1.160452926362e+02 1.380017297875e+02 -6.506330066590e-06 4.319025040792e+07 2.449052878870e-02
1.269174875572e-03 1.931999988690e+01 1.160452940486e+02 1.380017314673e+02 -1.622265548543e-05 4.319025062187e+07 2.455038840461e-02
1.272273199415e-03 1.931999979915e+01 1.160452947334e+02 1.380017322816e+02 -1.858102262545e-07 4.319025086094e+07 2.461024802039e-02
1.275371523232e-03 1.932000018552e+01 1.160452933974e+02 1.380017306928e+02 8.555840499588e-07 4.319025080818e+07 2.467010763697e-02
1.278469847034e-03 1.932000001317e+01 1.160452942390e+02 1.380017316936e+02 -8.485257144938e-06 4.319025097796e+07 2.472996725313e-02
1.281568170864e-03 1.931999984329e+01 1.160452948274e+02 1.380017323934e+02 -1.251178764653e-07 4.319025100178e+07 2.478982686900e-02
1.284666494690e-03 1.931999998370e+01 1.160452942019e+02 1.380017316495e+02 7.952919063670e-06 4.319025089923e+07 2.484968648523e-02
1.287764818511e-03 1.931999993859e+01 1.160452941157e+02 1.380017315471e+02 1.010712599263e-05 4.319025076120e+07 2.490954610111e-02
1.290863142316e-03 1.932000031353e+01 1.160452928286e+02 1.380017300164e+02 -1.341689517274e-06 4.319025071557e+07 2.496940571790e-02
1.293961466112e-03 1.931999997922e+01 1.160452941837e+02 1.380017316279e+02 -1.660793031167e-05 4.319025087981e+07 2.502926533393e-02
1.297059789946e-03 1.931999986466e+01 1.160452947906e+02 1.380017323496e+02 -5.708304056642e-06 4.319025102092e+07 2.508912494994e-02
1.300158113775e-03 1.931999984675e+01 1.160452947803e+02 1.380017323374e+02 6.759827802535e-06 4.319025098038e+07 2.514898456593e-02
1.303256437613e-03 1.931999993899e+01 1.160452941334e+02 1.380017315681e+02 2.104695998811e-05 4.319025077248e+07 2.520884418190e-02
1.306354761411e-03 1.932000027234e+01 1.160452926741e+02 1.380017298327e+02 5.972045719820e-06 4.319025054436e+07 2.526870379849e-02
1.309453085205e-03 1.932000019879e+01 1.160452926355e+02 1.380017297868e+02 -1.131417237360e-05 4.319025038000e+07 2.532856341509e-02
1.312551409027e-03 1.931999973750e+01 1.160452946253e+02 1.380017321531e+02 -9.154370789862e-06 4.319025067804e+07 2.538842303065e-02
1.315649732864e-03 1.931999996155e+01 1.160452941528e+02 1.380017315911e+02 2.030437553314e-06 4.319025082739e+07 2.544828264676e-02
1.318748056669e-03 1.932000017986e+01 1.160452934200e+02 1.380017307198e+02 -2.687973319695e-06 4.319025081077e+07 2.550814226334e-02
1.321846380486e-03 1.931999983019e+01 1.160452947445e+02 1.380017322948e+02 -2.387812106047e-06 4.319025092722e+07 2.556800187914e-02
1.324944704323e-03 1.931999978964e+01 1.160452947261e+02 1.380017322729e+02 9.721501017452e-06 4.319025083832e+07 2.562786149481e-02
1.328043028138e-03 1.932000024360e+01 1.160452927085e+02 1.380017298736e+02 8.663745464346e-06 4.319025050960e+07 2.568772111152e-02
1.331141351936e-03 1.932000006133e+01 1.160452931923e+02 1.380017304489e+02 -3.355528523000e-06 4.319025044725e+07 2.574758072777e-02
1.334239675763e-03 1.931999987258e+01 1.160452940127e+02 1.380017314246e+02 -1.211344366003e-06 4.319025057296e+07 2.580744034353e-02
1.337337999572e-03 1.932000030807e+01 1.160452927403e+02 1.380017299114e+02 -7.286018171817e-06 4.319025065251e+07 2.586729996047e-02
1.340436323381e-03 1.931999985595e+01 1.160452947996e+02 1.380017323603e+02 -1.311397713810e-05 4.319025100954e+07 2.592715957619e-02
1.343534647208e-03 1.931999992256e+01 1.160452948805e+02 1.380017324566e+02 -7.479981753398e-06 4.319025118582e+07 2.598701919226e-02
1.346632971032e-03 1.931999996231e+01 1.160452949599e+02 1.380017325509e+02 -1.022827870321e-07 4.319025130949e+07 2.604687880842e-02
1.349731294856e-03 1.931999991033e+01 1.160452948882e+02 1.380017324657e+02 8.003185148967e-06 4.319025116688e+07 2.610673842447e-02
1.352829618685e-03 1.931999983652e+01 1.160452947923e+02 1.380017323517e+02 1.485510909295e-05 4.319025096787e+07 2.616659804016e-02
1.355927942495e-03 1.932000032888e+01 1.160452927575e+02 1.380017299318e+02 7.061539285485e-06 4.319025070273e+07 2.622645765697e-02
1.359026266283e-03 1.932000011544e+01 1.160452933426e+02 1.380017306277e+02 -1.195220112891e-05 4.319025064083e+07 2.628631727335e-02
1.362124590116e-03 1.931999973043e+01 1.160452946317e+02 1.380017321607e+02 -2.276785296944e-06 4.319025066827e+07 2.634617688906e-02
1.365222913959e-03 1.931999990690e+01 1.160452940845e+02 1.380017315099e+02 1.520272076085e-05 4.319025068165e+07 2.640603650503e-02
1.368321237761e-03 1.932000020989e+01 1.160452926675e+02 1.380017298248e+02 7.477393215818e-06 4.319025042036e+07 2.646589612160e-02
1.371419561569e-03 1.931999999626e+01 1.160452930737e+02 1.380017303079e+02 -7.089714422334e-07 4.319025025159e+07 2.652575573767e-02
1.374517885389e-03 1.932000000048e+01 1.160452931264e+02 1.380017303705e+02 -2.457809293988e-06 4.319025029103e+07 2.658561535376e-02
1.377616209197e-03 1.932000019641e+01 1.160452926368e+02 1.380017297883e+02 -8.701809759437e-06 4.319025037615e+07 2.664547497045e-02
1.380714533018e-03 1.931999974050e+01 1.160452946636e+02 1.380017321986e+02 -6.675899447728e-06 4.319025070662e+07 2.670533458589e-02
1.383812856841e-03 1.932000012224e+01 1.160452933503e+02 1.380017306368e+02 -1.770623963990e-06 4.319025065848e+07 2.676519420253e-02
1.386911180664e-03 1.931999976958e+01 1.160452946739e+02 1.380017322109e+02 4.183365458824e-06 4.319025076869e+07 2.682505381808e-02
1.390009504487e-03 1.932000010099e+01 1.160452932370e+02 1.380017305021e+02 7.449691518698e-06 4.319025055015e+07 2.688491343451e-02
1.393107828294e-03 1.932000012209e+01 1.160452932786e+02 1.380017305516e+02 -1.275861116221e-06 4.319025061551e+07 2.694477305082e-02
1.396206152100e-03 1.932000014389e+01 1.160452932726e+02 1.380017305444e+02 -1.077811856189e-05 4.319025065383e+07 2.700463266730e-02
1.399304475917e-03 1.931999985947e+01 1.160452948185e+02 1.380017323828e+02 -1.081556226594e-05 4.319025102756e+07 2.706449228315e-02
1.402402799749e-03 1.931999984827e+01 1.160452947803e+02 1.380017323374e+02 1.306614278743e-06 4.319025098329e+07 2.712435189912e-02
1.405501123581e-03 1.931999986083e+01 1.160452946304e+02 1.380017321591e+02 1.364706961918e-05 4.319025091820e+07 2.718421151500e-02
1.408599447400e-03 1.932000016408e+01 1.160452929753e+02 1.380017301908e+02 1.332168605840e-05 4.319025051559e+07 2.724407113144e-02
1.411697771193e-03 1.932000024444e+01 1.160452927122e+02 1.380017298780e+02 -4.216309699082e-06 4.319025051342e+07 2.730393074805e-02
1.414796095004e-03 1.931999990833e+01 1.160452940781e+02 1.380017315023e+02 -1.220278338237e-05 4.319025068060e+07 2.736379036391e-02
1.417894418827e-03 1.931999997187e+01 1.160452941949e+02 1.380017316413e+02 -8.662121358846e-06 4.319025087234e+07 2.742364998009e-02
1.420992742651e-03 1.931999989446e+01 1.160452946950e+02 1.380017322359e+02 -1.164783637470e-06 4.319025102130e+07 2.748350959608e-02
1.424091066478e-03 1.931999991477e+01 1.160452947187e+02 1.380017322642e+02 5.158604069202e-06 4.319025107449e+07 2.754336921197e-02
1.427189390286e-03 1.932000025509e+01 1.160452934400e+02 1.380017307434e+02 -6.749543456687e-07 4.319025096726e+07 2.760322882877e-02
1.430287714098e-03 1.931999986384e+01 1.160452948713e+02 1.380017324456e+02 -3.950468162197e-06 4.319025106743e+07 2.766308844459e-02
1.433386037930e-03 1.931999987412e+01 1.160452948320e+02 1.380017323988e+02 4.154876222230e-06 4.319025106378e+07 2.772294806044e-02
1.436484361742e-03 1.932000022918e+01 1.160452934195e+02 1.380017307191e+02 2.081951462372e-06 4.319025090529e+07 2.778280767720e-02
1.439582685555e-03 1.931999981807e+01 1.160452947528e+02 1.380017323046e+02 1.113533983373e-06 4.319025090884e+07 2.784266729299e-02
1.442681009397e-03 1.931999989928e+01 1.160452940679e+02 1.380017314902e+02 1.567599492838e-05 4.319025065715e+07 2.790252690891e-02
1.445779333199e-03 1.932000023120e+01 1.160452926593e+02 1.380017298150e+02 5.209938978310e-06 4.319025045643e+07 2.796238652547e-02
1.448877657000e-03 1.932000001390e+01 1.160452931146e+02 1.380017303565e+02 -5.452455575634e-06 4.319025030981e+07 2.802224614166e-02
1.451975980833e-03 1.931999978907e+01 1.160452939035e+02 1.380017312946e+02 2.257743160041e-06 4.319025034734e+07 2.808210575734e-02
1.455074304653e-03 1.932000014963e+01 1.160452925632e+02 1.380017297008e+02 4.360118199619e-06 4.319025024239e+07 2.814196537383e-02
1.458172628455e-03 1.932000015871e+01 1.160452926179e+02 1.380017297658e+02 -6.081814994036e-06 4.319025029244e+07 2.820182499033e-02
1.461270952273e-03 1.931999986603e+01 1.160452940187e+02 1.380017314317e+02 -7.752822017476e-06 4.319025056392e+07 2.826168460607e-02
1.464369276090e-03 1.932000013495e+01 1.160452933419e+02 1.380017306268e+02 -7.860051549147e-06 4.319025067791e+07 2.832154422266e-02
1.467467599909e-03 1.931999983494e+01 1.160452948174e+02 1.380017323814e+02 -6.290302923646e-06 4.319025097975e+07 2.838140383838e-02
1.470565923734e-03 1.931999999833e+01 1.160452942230e+02 1.380017316746e+02 5.773955115393e-07 4.319025093993e+07 2.844126345467e-02
1.473664247558e-03 1.931999984638e+01 1.160452947747e+02 1.380017323307e+02 6.264593766550e-06 4.319025097634e+07 2.850112307042e-02
1.476762571376e-03 1.932000015847e+01 1.160452933853e+02 1.380017306784e+02 5.320708151438e-06 4.319025074895e+07 2.856098268692e-02
1.479860895178e-03 1.932000016534e+01 1.160452933686e+02 1.380017306585e+02 -5.581317002417e-06 4.319025075220e+07 2.862084230343e-02
1.482959218996e-03 1.931999984246e+01 1.160452948315e+02 1.380017323982e+02 -6.972201042044e-06 4.319025100260e+07 2.868070191914e-02
1.486057542818e-03 1.932000006385e+01 1.160452943130e+02 1.380017317817e+02 -5.215032642629e-06 4.319025111949e+07 2.874056153552e-02
1.489155866633e-03 1.931999995520e+01 1.160452949517e+02 1.380017325412e+02 -3.671979214353e-06 4.319025129096e+07 2.880042115159e-02
1.492254190458e-03 1.931999990087e+01 1.160452949045e+02 1.380017324851e+02 2.732005261848e-06 4.319025115839e+07 2.886028076793e-02
1.495352514320e-03 1.931999883360e+01 1.160452931369e+02 1.380017303831e+02 1.005163846300e-04 4.319024805393e+07 2.892014038215e-02
1.498450838266e-03 1.931999589548e+01 1.160452870785e+02 1.380017231783e+02 3.802857786482e-04 4.319023879748e+07 2.898000000000e-02
