# time = 2.000000000000e-09
# x  density  temperature  T_rad  velocity_x  pressure  mass_coord
-4.758968514012e-02 8.165355814968e-04 1.186866191169e+06 1.186596562634e+06 -2.702695953405e+07 1.946959692276e+10 5.058100194806e-06
-4.238301395165e-02 9.352077691521e-04 1.186013004113e+06 1.186042659161e+06 -2.424597475259e+07 2.185443789072e+10 9.461173056479e-06
-3.817343988017e-02 1.436244338954e-03 1.185402042967e+06 1.185421362024e+06 -2.236787270451e+07 3.158035342031e+10 1.523596345474e-05
-3.434149867234e-02 2.111124966284e-03 1.184556373196e+06 1.184570655552e+06 -2.042480371270e+07 4.393258033321e+10 2.290162468814e-05
-3.091128216253e-02 2.995556641178e-03 1.183419671978e+06 1.183425573392e+06 -1.863308283138e+07 5.926636395083e+10 3.252397449656e-05
-2.791708347274e-02 4.105427573395e-03 1.181974424026e+06 1.181978799043e+06 -1.705815557489e+07 7.756694632515e+10 4.403688538842e-05
-2.530265276351e-02 5.435766631709e-03 1.180214243655e+06 1.180212733690e+06 -1.568166901511e+07 9.850929287846e+10 5.736306052552e-05
-2.301393878682e-02 6.978119933281e-03 1.178139967089e+06 1.178140179482e+06 -1.447664118455e+07 1.217714899793e+11 7.230346453924e-05
-2.102058132977e-02 8.711355204856e-03 1.175770922092e+06 1.175766460893e+06 -1.342314943456e+07 1.468945266414e+11 8.854651176251e-05
-1.928477223551e-02 1.060817756880e-02 1.173138184446e+06 1.173136269921e+06 -1.250220492418e+07 1.733904975466e+11 1.058041568498e-04
-1.776693196816e-02 1.264407678398e-02 1.170271706942e+06 1.170265553570e+06 -1.169374959720e+07 2.008617322766e+11 1.238493916523e-04
-1.643043417496e-02 1.480005990714e-02 1.167195851992e+06 1.167192061812e+06 -1.097915008901e+07 2.290193152618e+11 1.425206600112e-04
-1.524379780843e-02 1.706344104634e-02 1.163928351944e+06 1.163920817018e+06 -1.034239703356e+07 2.576765123188e+11 1.617109382591e-04
-1.418114832509e-02 1.942639738850e-02 1.160480995083e+06 1.160475507852e+06 -9.770204965386e+06 2.867172027219e+11 1.813517984680e-04
-1.322171828270e-02 2.188420904830e-02 1.156861033053e+06 1.156853473660e+06 -9.251759190078e+06 3.160661538362e+11 2.013997495464e-04
-1.234896412011e-02 2.443435247567e-02 1.153072454168e+06 1.153067275606e+06 -8.778368231238e+06 3.456740846140e+11 2.218277389882e-04
-1.154964700828e-02 2.707623659324e-02 1.149116670721e+06 1.149110979543e+06 -8.343069970613e+06 3.755122304865e+11 2.426210863167e-04
-1.081305293416e-02 2.981140155736e-02 1.144992636724e+06 1.144989150468e+06 -7.940274880255e+06 4.055727031650e+11 2.637759175785e-04
-1.013040268184e-02 3.264362237922e-02 1.140696868866e+06 1.140693990840e+06 -7.565444246868e+06 4.358675367058e+11 2.852982513106e-04
-9.494428825467e-03 3.557828398239e-02 1.136223415413e+06 1.136222440463e+06 -7.214791210932e+06 4.664194169537e+11 3.072024635458e-04
-8.899077852005e-03 3.862159007413e-02 1.131564058282e+06 1.131563333963e+06 -6.885083709564e+06 4.972515073583e+11 3.295089091954e-04
-8.339300535472e-03 4.178057357964e-02 1.126708701804e+06 1.126708610497e+06 -6.573584845253e+06 5.283870531474e+11 3.522413248372e-04
-7.810896733644e-03 4.506368574438e-02 1.121645725400e+06 1.121645698771e+06 -6.278039861431e+06 5.598551109384e+11 3.754246803375e-04
-7.310385340574e-03 4.848095719973e-02 1.116362298439e+06 1.116361996990e+06 -5.996612451168e+06 5.916910848847e+11 3.990837068320e-04
-6.834883558121e-03 5.204341982764e-02 1.110844494471e+06 1.110843721663e+06 -5.727773934507e+06 6.239293077129e+11 4.232420003678e-04
-6.381995407099e-03 5.576249387938e-02 1.105077446591e+06 1.105076144949e+06 -5.470212038745e+06 6.565959128925e+11 4.479215528708e-04
-5.949716816605e-03 5.965009926367e-02 1.099045308021e+06 1.099043525881e+06 -5.222796932368e+06 6.897093432988e+11 4.731426301839e-04
-5.536361363752e-03 6.371943050621e-02 1.092731140438e+06 1.092728988673e+06 -4.984580016987e+06 7.232870363033e+11 4.989239404460e-04
-5.140503361391e-03 6.798566919160e-02 1.086116725939e+06 1.086114338573e+06 -4.754779127876e+06 7.573504622971e+11 5.252829968659e-04
-4.760931578819e-03 7.246611055388e-02 1.079182259149e+06 1.079179761211e+06 -4.532734468949e+06 7.919235946845e+11 5.522365392405e-04
-4.396609638697e-03 7.717988551672e-02 1.071906021451e+06 1.071903510837e+06 -4.317856948981e+06 8.270272829177e+11 5.798008712389e-04
-4.046643605628e-03 8.214780109076e-02 1.064264087557e+06 1.064261632212e+06 -4.109594674731e+06 8.626747984011e+11 6.079919934385e-04
-3.710258407739e-03 8.739264040373e-02 1.056230001315e+06 1.056227646257e+06 -3.907424905155e+06 8.988713266696e+11 6.368255023777e-04
-3.386782344862e-03 9.294008449978e-02 1.047774431610e+06 1.047772210956e+06 -3.710867196455e+06 9.356181893656e+11 6.663163975984e-04
-3.075636750584e-03 9.882030389527e-02 1.038864749025e+06 1.038862697645e+06 -3.519508154408e+06 9.729212366119e+11 6.964790006835e-04
-2.776328786309e-03 1.050700737161e-01 1.029464018973e+06 1.029462176574e+06 -3.333009227457e+06 1.010800376837e+12 7.273293655417e-04
-2.488402654954e-03 1.117348755364e-01 1.019529022887e+06 1.019527429629e+06 -3.151070865021e+06 1.049294078425e+12 7.588898384884e-04
-2.211411650184e-03 1.188693479384e-01 1.009009257414e+06 1.009007942040e+06 -2.973397419541e+06 1.088448503091e+12 7.911829058441e-04
-1.945065488294e-03 1.265366763234e-01 9.978474434920e+05 9.978464089996e+05 -2.799692113376e+06 1.128299277584e+12 8.242260523089e-04
-1.689141784642e-03 1.348107780026e-01 9.859781827920e+05 9.859773949625e+05 -2.629651496882e+06 1.168870519554e+12 8.580365803876e-04
-1.443465711487e-03 1.437809261619e-01 9.733249395054e+05 9.733243242282e+05 -2.462955529016e+06 1.210183447148e+12 8.926328775937e-04
-1.207905529881e-03 1.535566347364e-01 9.597970793338e+05 9.597965410349e+05 -2.299257519706e+06 1.252257410108e+12 9.280346335342e-04
-9.823751698594e-04 1.642779387755e-01 9.452860950411e+05 9.452855524710e+05 -2.138243158068e+06 1.295134672141e+12 9.642628578600e-04
-7.668454022000e-04 1.761295758652e-01 9.296601382163e+05 9.296595589261e+05 -1.979656540691e+06 1.338905891091e+12 1.001340132185e-03
-5.613524751444e-04 1.893410184925e-01 9.127574682672e+05 9.127569047274e+05 -1.823025579125e+06 1.383612987115e+12 1.039289213459e-03
-3.659910962938e-04 2.042116311964e-01 8.943779994251e+05 8.943776443125e+05 -1.667822220711e+06 1.429283986999e+12 1.078132636740e-03
-1.809292538646e-04 2.212208780043e-01 8.742631721827e+05 8.742634050562e+05 -1.514313960293e+06 1.476364177936e+12 1.117901883306e-03
-6.447757300231e-06 2.410282557296e-01 8.520650437312e+05 8.520664062288e+05 -1.361940045892e+06 1.525282858352e+12 1.158639952508e-03
1.571063766733e-04 2.643156264319e-01 8.273306254631e+05 8.273337433944e+05 -1.207413529300e+06 1.575171159830e+12 1.200378063715e-03
3.093724745265e-04 2.923309120402e-01 7.994457884566e+05 7.994513541917e+05 -1.052028790126e+06 1.626036372704e+12 1.243146812881e-03
4.497114170888e-04 3.284775533075e-01 7.673919218796e+05 7.674006066195e+05 -8.994403580788e+05 1.683596462997e+12 1.287022955526e-03
5.765209734289e-04 3.774419936925e-01 7.294569847155e+05 7.294689932852e+05 -7.338540633779e+05 1.749468932132e+12 1.332113713132e-03
6.886395615942e-04 4.360283800820e-01 6.830560529716e+05 6.830721922603e+05 -5.656975902509e+05 1.782905768736e+12 1.378224822178e-03
7.880260549897e-04 5.223159273196e-01 6.239448662865e+05 6.239691362412e+05 -3.587700263977e+05 1.801656964376e+12 1.421759757966e-03
8.553391911130e-04 1.404808233240e+00 4.205461661202e+05 4.206079625795e+05 7.852171726424e+04 2.244233757714e+12 1.484885724720e-03
8.778973488229e-04 8.433388239005e+00 1.562017473568e+05 1.568211517628e+05 3.219374297186e+05 2.149189792960e+12 1.595183824651e-03
8.814966729707e-04 3.128752895767e+01 7.752954525648e+04 7.627588540562e+04 3.323270885672e+05 2.163627108706e+12 1.673339671663e-03
8.828933232329e-04 4.353185091419e+01 6.521969674601e+04 5.971872424429e+04 3.338565530131e+05 2.179694973702e+12 1.732227699701e-03
8.842021875216e-04 4.453990821425e+01 6.457449689665e+04 6.350299618414e+04 3.344217453632e+05 2.187951099163e+12 1.790522044265e-03
8.855109462547e-04 4.544707592228e+01 6.396569616372e+04 6.320731885510e+04 3.349685296842e+05 2.192734606213e+12 1.849571381375e-03
8.868007853813e-04 4.632038205969e+01 6.334370893963e+04 6.209264994849e+04 3.351856888376e+05 2.194346288842e+12 1.908798270868e-03
8.880682174541e-04 4.707947293596e+01 6.278304531759e+04 6.227611161146e+04 3.352527868914e+05 2.193807522423e+12 1.968242917710e-03
8.893260747754e-04 4.776640898568e+01 6.226594033882e+04 6.163597798594e+04 3.352273251990e+05 2.192107559651e+12 2.027975290785e-03
8.905692374949e-04 4.841931611903e+01 6.175778080936e+04 6.053997699764e+04 3.350916772527e+05 2.188962284520e+12 2.087619101917e-03
8.917897118489e-04 4.899134509908e+01 6.128381994495e+04 5.916049473627e+04 3.348184060482e+05 2.184095003600e+12 2.147132319252e-03
8.929987775377e-04 4.944895593180e+01 6.086496823958e+04 5.743581977671e+04 3.344048201207e+05 2.177602047563e+12 2.206785598254e-03
8.942024333261e-04 4.985176948098e+01 6.046411109119e+04 5.501881291461e+04 3.338685180956e+05 2.169787091835e+12 2.266617043006e-03
8.953991515013e-04 5.030073532926e+01 6.003174620274e+04 5.072490602852e+04 3.332909803681e+05 2.161618443702e+12 2.326453470669e-03
8.965815805601e-04 5.081507119985e+01 5.958375687624e+04 5.010376748737e+04 3.327821432897e+05 2.154635165820e+12 2.386082655533e-03
8.977460609302e-04 5.133759115441e+01 5.918565363830e+04 3.328253852863e+04 3.324756672054e+05 2.150484833795e+12 2.445609534607e-03
8.989006172635e-04 5.183767043835e+01 5.886800804505e+04 3.310391374337e+04 3.324850990893e+05 2.149896746804e+12 2.505278448577e-03
9.000482058169e-04 5.233779805771e+01 5.858233433855e+04 3.294326757544e+04 3.325581504749e+05 2.150916293980e+12 2.565098697907e-03
9.011865464218e-04 5.294068437723e+01 5.827291168466e+04 3.276926601513e+04 3.328048120989e+05 2.153879050069e+12 2.624888987844e-03
9.023069710989e-04 5.364163115949e+01 5.794659602238e+04 3.258576581565e+04 3.332154221128e+05 2.158897053804e+12 2.684546012468e-03
9.034108272027e-04 5.435238991821e+01 5.765035172409e+04 3.241917470346e+04 3.337628487113e+05 2.165642276204e+12 2.744150387965e-03
9.045002279395e-04 5.501083552242e+01 5.741309238054e+04 3.228575420625e+04 3.344135644582e+05 2.173794765138e+12 2.803775663215e-03
9.055785919598e-04 5.564613610580e+01 5.721161176425e+04 3.217245399618e+04 3.351371691395e+05 2.183053365755e+12 2.863516882511e-03
9.066474109598e-04 5.634408254872e+01 5.699329329272e+04 3.204968409818e+04 3.359071547116e+05 2.193123561564e+12 2.923331175028e-03
9.077017711762e-04 5.713194015266e+01 5.673922427377e+04 3.190681001308e+04 3.366956785907e+05 2.203661553375e+12 2.983061799431e-03
9.087383822884e-04 5.795085424646e+01 5.647610087010e+04 3.175884557605e+04 3.374733687536e+05 2.214269819820e+12 3.042669642403e-03
9.097589571744e-04 5.869101799656e+01 5.625501852082e+04 3.163452132095e+04 3.382134007332e+05 2.224565490248e+12 3.102262624405e-03
9.107691183034e-04 5.931620732101e+01 5.608443545635e+04 3.153859564192e+04 3.388817006881e+05 2.234047559111e+12 3.162000891013e-03
9.117731879996e-04 5.988807608193e+01 5.591682114470e+04 3.144433869754e+04 3.394156572427e+05 2.241796656926e+12 3.221891341085e-03
9.127691975843e-04 6.047647665341e+01 5.569611217521e+04 3.132022516753e+04 3.396984082302e+05 2.246465384443e+12 3.281761028791e-03
9.137531210585e-04 6.108355509142e+01 5.541213118068e+04 3.116053103976e+04 3.397213925873e+05 2.247388821947e+12 3.341446946336e-03
9.147234360845e-04 6.168241759582e+01 5.512313424040e+04 3.099801592182e+04 3.396553569719e+05 2.247442483031e+12 3.401005008659e-03
9.156842406432e-04 6.216316402951e+01 5.487930100640e+04 3.086089841189e+04 3.395339924232e+05 2.246506800968e+12 3.460596904625e-03
9.166407096627e-04 6.249868642899e+01 5.468726807924e+04 3.075291120435e+04 3.393168709163e+05 2.244308110087e+12 3.520373725074e-03
9.175971391012e-04 6.278280493700e+01 5.449958864032e+04 3.064737127795e+04 3.389984181361e+05 2.240720675488e+12 3.580356608437e-03
9.185515157639e-04 6.311281232264e+01 5.427116435240e+04 3.051891896442e+04 3.385802995921e+05 2.235770641365e+12 3.640303600027e-03
9.194968165005e-04 6.352578344974e+01 5.399038799838e+04 3.036102601721e+04 3.380848750288e+05 2.229763958292e+12 3.699980620502e-03
9.204303440832e-04 6.395048822366e+01 5.369948672129e+04 3.019744098260e+04 3.375566916476e+05 2.223276547169e+12 3.759485105997e-03
9.213577713469e-04 6.430391472614e+01 5.344784774088e+04 3.005593200035e+04 3.370684894314e+05 2.217114272109e+12 3.819102916907e-03
9.222845954508e-04 6.458277226835e+01 5.325811250302e+04 2.994923623023e+04 3.367448500053e+05 2.212753972196e+12 3.878913142173e-03
9.232099750590e-04 6.489773102704e+01 5.311070479676e+04 2.986634466270e+04 3.367134076499e+05 2.212199209633e+12 3.938898223556e-03
9.241331987974e-04 6.527410767493e+01 5.294312076859e+04 2.977210471668e+04 3.367751428795e+05 2.212014754618e+12 3.998878413400e-03
9.250477693080e-04 6.578398870326e+01 5.273804760253e+04 2.965678347683e+04 3.369245999639e+05 2.213081455053e+12 4.058627210239e-03
9.259497136672e-04 6.640942790106e+01 5.251028966662e+04 2.952870740000e+04 3.372152415224e+05 2.215767489395e+12 4.118158222533e-03
9.268406175277e-04 6.706503588272e+01 5.229718897236e+04 2.940887113173e+04 3.376247164450e+05 2.220074762662e+12 4.177644336948e-03
9.277236965968e-04 6.767155089431e+01 5.212946570355e+04 2.931455177045e+04 3.381331702783e+05 2.225861089007e+12 4.237246326774e-03
9.286021255481e-04 6.820170895500e+01 5.201397769311e+04 2.924960783763e+04 3.387189723814e+05 2.232911839340e+12 4.297045395526e-03
9.294772910351e-04 6.869219567731e+01 5.193054187003e+04 2.920268918350e+04 3.393601865411e+05 2.240951603673e+12 4.357004934447e-03
9.303478708494e-04 6.925146314679e+01 5.183040742023e+04 2.914637986222e+04 3.400361965431e+05 2.249675322606e+12 4.416976683877e-03
9.312092905252e-04 6.992283640509e+01 5.169262567771e+04 2.906889956833e+04 3.407281376707e+05 2.258778615885e+12 4.476799097061e-03
9.320589688615e-04 7.068592576136e+01 5.152299255894e+04 2.897350706230e+04 3.414203713615e+05 2.268002938401e+12 4.536452156205e-03
9.328971246592e-04 7.147631590187e+01 5.134476212116e+04 2.887328091024e+04 3.420993771138e+05 2.277135317456e+12 4.596019619803e-03
9.337257437322e-04 7.218549494854e+01 5.119648144994e+04 2.878989643885e+04 3.427495932982e+05 2.285949744638e+12 4.655634489336e-03
9.345488379175e-04 7.275225582542e+01 5.109657145060e+04 2.873371327463e+04 3.433505799153e+05 2.294194970914e+12 4.715448034367e-03
9.353700513719e-04 7.320921011266e+01 5.102614834380e+04 2.869411139159e+04 3.438737766039e+05 2.301497607844e+12 4.775434146818e-03
9.361875965480e-04 7.362817852818e+01 5.094492107272e+04 2.864843539219e+04 3.442620901024e+05 2.306932390313e+12 4.835468656296e-03
9.370007995631e-04 7.404564642524e+01 5.080797277860e+04 2.857142269745e+04 3.443536167104e+05 2.308214315375e+12 4.895404752367e-03
9.378064924308e-04 7.452747972199e+01 5.063212858376e+04 2.847253878548e+04 3.443280520181e+05 2.308285795730e+12 4.955180910685e-03
9.386049369509e-04 7.504683222190e+01 5.043218504004e+04 2.836010228101e+04 3.442664692263e+05 2.307458175894e+12 5.014821909201e-03
9.393959265681e-04 7.551193265043e+01 5.023556187955e+04 2.824953324930e+04 3.440991918488e+05 2.305297474045e+12 5.074389787791e-03
9.401826446456e-04 7.582201679121e+01 5.007518718087e+04 2.815934804662e+04 3.438245273461e+05 2.301630816922e+12 5.134096130772e-03
9.409708343721e-04 7.597882577836e+01 4.995016482947e+04 2.808904102005e+04 3.434460768280e+05 2.296520072643e+12 5.194031563127e-03
9.417603324221e-04 7.604372221458e+01 4.984097759955e+04 2.802764154858e+04 3.429805365604e+05 2.290174247594e+12 5.254097213254e-03
9.425506005482e-04 7.614702226314e+01 4.970762333599e+04 2.795265107736e+04 3.424595984759e+05 2.283041791743e+12 5.314150435430e-03
9.433376290883e-04 7.635102751937e+01 4.954040827322e+04 2.785861775225e+04 3.419401840378e+05 2.275996973762e+12 5.374080685959e-03
9.441204615566e-04 7.669196766003e+01 4.934875936672e+04 2.775084614790e+04 3.415234111038e+05 2.270609379454e+12 5.433841256661e-03
9.448960861869e-04 7.718382834263e+01 4.915679084252e+04 2.764289283527e+04 3.413710778361e+05 2.268933753483e+12 5.493423564217e-03
9.456643680675e-04 7.768757332830e+01 4.899181382676e+04 2.755012305025e+04 3.413365104982e+05 2.269423334228e+12 5.552968886791e-03
9.464290294884e-04 7.810970615599e+01 4.886731404418e+04 2.748010939513e+04 3.413618925059e+05 2.270760870450e+12 5.612642604179e-03
9.471923143452e-04 7.844888669881e+01 4.879028707007e+04 2.743679558494e+04 3.414651660471e+05 2.273492785113e+12 5.672497023877e-03
9.479549764385e-04 7.877290541895e+01 4.874027380828e+04 2.740866929764e+04 3.416651488870e+05 2.277825205970e+12 5.732507266264e-03
9.487159408274e-04 7.916953242939e+01 4.868628507460e+04 2.737830916943e+04 3.419564731662e+05 2.283631984860e+12 5.792597182485e-03
9.494729825294e-04 7.971405207307e+01 4.860052193600e+04 2.733008249785e+04 3.423268145798e+05 2.290662168540e+12 5.852580811212e-03
9.502209108337e-04 8.039306028426e+01 4.848432557062e+04 2.726473988772e+04 3.427605440252e+05 2.298612079673e+12 5.912381163610e-03
9.509606818952e-04 8.114797077554e+01 4.835391740047e+04 2.719140720060e+04 3.432424022438e+05 2.307198719595e+12 5.972045523913e-03
9.516914185922e-04 8.192389128354e+01 4.822422366981e+04 2.711847389644e+04 3.437581119149e+05 2.316183867399e+12 6.031589773253e-03
9.524143298703e-04 8.262846910782e+01 4.812183355414e+04 2.706089652764e+04 3.442947890125e+05 2.325383369456e+12 6.091162818176e-03
9.531333682148e-04 8.321391602047e+01 4.805892731922e+04 2.702552119175e+04 3.448415254519e+05 2.334654345788e+12 6.150863128194e-03
9.538491934814e-04 8.368500793058e+01 4.803153847326e+04 2.701011974752e+04 3.453892075668e+05 2.343877624166e+12 6.210777340489e-03
9.545652665625e-04 8.412819995009e+01 4.801110546035e+04 2.699862758605e+04 3.459301656466e+05 2.352946488054e+12 6.270837019810e-03
9.552770067321e-04 8.462050796390e+01 4.797179527364e+04 2.697652180988e+04 3.464561340697e+05 2.361685932301e+12 6.330909244415e-03
9.559850695406e-04 8.522199886422e+01 4.789117502645e+04 2.693118593810e+04 3.469548589057e+05 2.369729704211e+12 6.390885210833e-03
9.566845298416e-04 8.589091506304e+01 4.777808715110e+04 2.686759298698e+04 3.474110430058e+05 2.376709919680e+12 6.450678801632e-03
9.573773842168e-04 8.656864128965e+01 4.764735286204e+04 2.679407591545e+04 3.477989707019e+05 2.382361758786e+12 6.510364417738e-03
9.580634498573e-04 8.717357646526e+01 4.750780028594e+04 2.671559904327e+04 3.480442244796e+05 2.385450486351e+12 6.569942922938e-03
9.587442778930e-04 8.760644573467e+01 4.738495728738e+04 2.664651941104e+04 3.480958855273e+05 2.385730320416e+12 6.629562803974e-03
9.594245342053e-04 8.789028430429e+01 4.729189260430e+04 2.659418569727e+04 3.480988813894e+05 2.384862842624e+12 6.689322055379e-03
9.601041381296e-04 8.803220021135e+01 4.723077666055e+04 2.655981655796e+04 3.480278221761e+05 2.383238060574e+12 6.749231420730e-03
9.607856126563e-04 8.810569852624e+01 4.717135416201e+04 2.652640258442e+04 3.478607250142e+05 2.380150051528e+12 6.809283353837e-03
9.614673174497e-04 8.819222191062e+01 4.709038173695e+04 2.648086996088e+04 3.475963568031e+05 2.375620860745e+12 6.869367691986e-03
9.621481894652e-04 8.835772096764e+01 4.696986158838e+04 2.641309393167e+04 3.472472228527e+05 2.369718021739e+12 6.929359675519e-03
9.628252516036e-04 8.858783845952e+01 4.681783855288e+04 2.632760724977e+04 3.468406295546e+05 2.362737389131e+12 6.989200807464e-03
9.634991905278e-04 8.886095079442e+01 4.664726236721e+04 2.623168428197e+04 3.464119464231e+05 2.355205612342e+12 7.048925715511e-03
9.641694845319e-04 8.913166368230e+01 4.648187868592e+04 2.613868333016e+04 3.460139991521e+05 2.347993853635e+12 7.108544385487e-03
9.648369568728e-04 8.940501758902e+01 4.633980300249e+04 2.605878498548e+04 3.457447541602e+05 2.342682692825e+12 7.168173101158e-03
9.655033854086e-04 8.969811722006e+01 4.623898887427e+04 2.600209449963e+04 3.456810255726e+05 2.341113855333e+12 7.227914994582e-03
9.661690225900e-04 8.990571269450e+01 4.617781177868e+04 2.596769058580e+04 3.457227040018e+05 2.340808978246e+12 7.287745535403e-03
9.668343473470e-04 9.006687812068e+01 4.614390425191e+04 2.594862302895e+04 3.457964407535e+05 2.341663477269e+12 7.347643434739e-03
9.674990986532e-04 9.029110033523e+01 4.611019339916e+04 2.592966711811e+04 3.459449801622e+05 2.343933635886e+12 7.407653463522e-03
9.681636041300e-04 9.064048387776e+01 4.606097592943e+04 2.590199060091e+04 3.461624915375e+05 2.347716595623e+12 7.467709083588e-03
9.688242376528e-04 9.116706608135e+01 4.598056503501e+04 2.585677172977e+04 3.464412743264e+05 2.352854632445e+12 7.527643851349e-03
9.694784378816e-04 9.181139205510e+01 4.588291797720e+04 2.580186119758e+04 3.467718964271e+05 2.359110303898e+12 7.587431471307e-03
9.701266385558e-04 9.252467310022e+01 4.577854029568e+04 2.574316411741e+04 3.471456675959e+05 2.366225628942e+12 7.647114342603e-03
9.707685342267e-04 9.325129294445e+01 4.567944660011e+04 2.568744217848e+04 3.475545510343e+05 2.373952711009e+12 7.706738638684e-03
9.714054261028e-04 9.393082047594e+01 4.559868253908e+04 2.564202520483e+04 3.479914464902e+05 2.382068245064e+12 7.766415574299e-03
9.720391914042e-04 9.453068946346e+01 4.554224515434e+04 2.561028765159e+04 3.484518338457e+05 2.390403834265e+12 7.826555656464e-03
9.726778188571e-04 9.500354220958e+01 4.551953946309e+04 2.559751788928e+04 3.489281313557e+05 2.398768569477e+12 7.886373643118e-03
9.732984704850e-04 9.538508126794e+01 4.551906079763e+04 4.520843259955e+04 3.494095771757e+05 2.407010621399e+12 7.945848432350e-03
9.739248647985e-04 9.577351232875e+01 4.551583566655e+04 4.524710884570e+04 3.498885914990e+05 2.415164062983e+12 8.005792365257e-03
9.745502556905e-04 9.623020472500e+01 4.549465393803e+04 2.558352448773e+04 3.503560531666e+05 2.423259621442e+12 8.065829533493e-03
9.751726469976e-04 9.682103500441e+01 4.543786301983e+04 2.555158623730e+04 3.508019953324e+05 2.431185767790e+12 8.125768933759e-03
9.757884039971e-04 9.749140622631e+01 4.535769766698e+04 2.550650766866e+04 3.512204198298e+05 2.438755146631e+12 8.185583565615e-03
9.763997219608e-04 9.820026672333e+01 4.526270318191e+04 2.545308931610e+04 3.516057085927e+05 2.445779056381e+12 8.245361303206e-03
9.770058698877e-04 9.888602869147e+01 4.516593796843e+04 2.539867285941e+04 3.519426900767e+05 2.452049576959e+12 8.305033109371e-03
9.776066023858e-04 9.949251701053e+01 4.507456183145e+04 2.534728917516e+04 3.521876720399e+05 2.457003240951e+12 8.364661913267e-03
9.782045289565e-04 9.993267426205e+01 4.498964536261e+04 2.529953557960e+04 3.522597674635e+05 2.458918406435e+12 8.424374514580e-03
9.788016589927e-04 1.002132753829e+02 4.492957012462e+04 2.526575312935e+04 3.522336250669e+05 2.459590972506e+12 8.484206929956e-03
9.793986305393e-04 1.003607634977e+02 4.489411880208e+04 2.524581667376e+04 3.521415413788e+05 2.459595405156e+12 8.544099315411e-03
9.799952008385e-04 1.004383267635e+02 4.486405843825e+04 2.522891403026e+04 3.519877461454e+05 2.458593808694e+12 8.604235819487e-03
9.805961117402e-04 1.004946737103e+02 4.482206132359e+04 2.520529439810e+04 3.517440539493e+05 2.456096843459e+12 8.664254858059e-03
9.811896728709e-04 1.006148379386e+02 4.474753943049e+04 2.516339255804e+04 3.514229905295e+05 2.452085169050e+12 8.724100334912e-03
9.817857071931e-04 1.008009551599e+02 4.464196031345e+04 2.510401858082e+04 3.510366379200e+05 2.446720473438e+12 8.783999150854e-03
9.823781301796e-04 1.010447703854e+02 4.451289277093e+04 2.503143927928e+04 3.506094704321e+05 2.440477239475e+12 8.843777516561e-03
9.829689127263e-04 1.012982064780e+02 4.438213411752e+04 2.495790444249e+04 3.501904396336e+05 2.434255436564e+12 8.903537647786e-03
9.835580154569e-04 1.015895529419e+02 4.425493083021e+04 2.488637619731e+04 3.498423957851e+05 2.429094420036e+12 8.963248923392e-03
9.841444524127e-04 1.019142522795e+02 4.414729515627e+04 2.482584828573e+04 3.496209303197e+05 2.426298007404e+12 9.023111745743e-03
9.847327838728e-04 1.022568021076e+02 4.406592011623e+04 2.478008815026e+04 3.495673904480e+05 2.426137409448e+12 9.083302288509e-03
9.853216952274e-04 1.025115246724e+02 4.401950913529e+04 2.475398859175e+04 3.495735957408e+05 2.427238077662e+12 9.146692688267e-03
9.859695306671e-04 1.027185556721e+02 4.399661187473e+04 2.474111250908e+04 3.496497916038e+05 2.429429937027e+12 9.208971095045e-03
9.865342980793e-04 1.029165700890e+02 4.398794468318e+04 2.473623421669e+04 3.497927881041e+05 2.432690066930e+12 9.266928055756e-03
9.870958208390e-04 1.031687942209e+02 4.397661828846e+04 2.472986778349e+04 3.499915629088e+05 2.436812204230e+12 9.324285130643e-03
9.876462055184e-04 1.035667768681e+02 4.394275734176e+04 2.471083105600e+04 3.502467440143e+05 2.441882889884e+12 9.382557854790e-03
9.882211377777e-04 1.041030295444e+02 4.388835349885e+04 2.468023282720e+04 3.505575153240e+05 2.447895680735e+12 9.442254082141e-03
9.887930737241e-04 1.047633149382e+02 4.381461749279e+04 2.463877388903e+04 3.509138911867e+05 2.454629373293e+12 9.501950807309e-03
9.893607871903e-04 1.054617953014e+02 4.373805001818e+04 2.459571200542e+04 3.513010481304e+05 2.461798216959e+12 9.561691665676e-03
9.899260121156e-04 1.061824202112e+02 4.366056144320e+04 2.455213897991e+04 3.517076846142e+05 2.469242293409e+12 9.621465350816e-03
9.904866550133e-04 1.068936534727e+02 4.358772368313e+04 2.451117933766e+04 3.521235054445e+05 2.476834010583e+12 9.681481570868e-03
9.910489266779e-04 1.075474690390e+02 4.352982355103e+04 2.447861677752e+04 3.525533335362e+05 2.484567305308e+12 9.741742117715e-03
9.916072866262e-04 1.080809555968e+02 4.349366965498e+04 2.445828354890e+04 3.529993883043e+05 2.491847853469e+12 9.808917005030e-03
9.922919742980e-04 1.085529966858e+02 4.348260405986e+04 4.321866593101e+04 3.536605589299e+05 2.500186366004e+12 9.872789681995e-03
9.927840883528e-04 1.088986174172e+02 4.349472488906e+04 4.349472485580e+04 3.540361338729e+05 2.508148948636e+12 9.929865447788e-03
9.933402110368e-04 1.091792703304e+02 4.349854930943e+04 4.349855032058e+04 3.542855516758e+05 2.514060627245e+12 9.986207345120e-03
9.938161871599e-04 1.095024623815e+02 4.349294137854e+04 4.318998333581e+04 3.546457450223e+05 2.519939630063e+12 1.004150692671e-02
9.943502263440e-04 1.099439808879e+02 4.346565776103e+04 2.444253667155e+04 3.550098179221e+05 2.526137650131e+12 1.010049662453e-02
9.948892736053e-04 1.105120665455e+02 4.341014031688e+04 2.441131283754e+04 3.553672276660e+05 2.532175448231e+12 1.016005712980e-02
9.954281268327e-04 1.111081615635e+02 4.334130679901e+04 2.437260641738e+04 3.556864561032e+05 2.537466269233e+12 1.021978818638e-02
9.959644611656e-04 1.116939691575e+02 4.326041021709e+04 2.432711525354e+04 3.559297832081e+05 2.541359615098e+12 1.027956022515e-02
9.964984091268e-04 1.122027359926e+02 4.317088636850e+04 2.427677509130e+04 3.560311474730e+05 2.542869409527e+12 1.033933301473e-02
9.970299038048e-04 1.126295025395e+02 4.307884622114e+04 2.422501404872e+04 3.560459811895e+05 2.542487999113e+12 1.039909253723e-02
9.975595790895e-04 1.129932725457e+02 4.299664567168e+04 2.417878691048e+04 3.560120905450e+05 2.541769092209e+12 1.045909991544e-02
9.980920445296e-04 1.132215562290e+02 4.293051504061e+04 2.414160107121e+04 3.559122271245e+05 2.539921821137e+12 1.052043723472e-02
9.986430709849e-04 1.132648009002e+02 4.288651709345e+04 2.411686141300e+04 3.557202451393e+05 2.536591092172e+12 1.058615761073e-02
9.992525176068e-04 1.131959909249e+02 4.284953407572e+04 2.409606210004e+04 3.554410313588e+05 2.531768625679e+12 1.065025853687e-02
9.997756362924e-04 1.130747990517e+02 4.281603401385e+04 2.407722756097e+04 3.551265684453e+05 2.526274021005e+12 1.070692686349e-02
1.000254833368e-03 1.129654685593e+02 4.277821338364e+04 2.405595561351e+04 3.548064412255e+05 2.520606691628e+12 1.076151164123e-02
1.000742033873e-03 1.129577142682e+02 4.271828213496e+04 2.402226027412e+04 3.544780300793e+05 2.514810505464e+12 1.081872776083e-02
1.001267887146e-03 1.130659204849e+02 4.264103229667e+04 2.397881610920e+04 3.541786651502e+05 2.509603813017e+12 1.087823473238e-02
1.001794640552e-03 1.133561580758e+02 4.255463682869e+04 2.393022749173e+04 3.540100997439e+05 2.506994442608e+12 1.093789941344e-02
1.002320581275e-03 1.137625611413e+02 4.247308181109e+04 2.388437103375e+04 3.539818983617e+05 2.507015603467e+12 1.099765729016e-02
1.002845212482e-03 1.142214955890e+02 4.238893718532e+04 2.383705026136e+04 3.539913148380e+05 2.507741325216e+12 1.105744530289e-02
1.003367459753e-03 1.146987836409e+02 4.231063703787e+04 2.379302164173e+04 3.540515260811e+05 2.509316425075e+12 1.111722149281e-02
1.003887528504e-03 1.151916293924e+02 4.224202853489e+04 2.375443462010e+04 3.541734091418e+05 2.512055125042e+12 1.117724510648e-02
1.004409612104e-03 1.156562136661e+02 4.219256178722e+04 2.372662211278e+04 3.543604569960e+05 2.516044364481e+12 1.123815992217e-02
1.004940905815e-03 1.160504017788e+02 4.216433254814e+04 2.371074603161e+04 3.546002060828e+05 2.520716670253e+12 1.130441245127e-02
1.005551400983e-03 1.164213993126e+02 4.216225110135e+04 4.190231224620e+04 3.550514992349e+05 2.527445697678e+12 1.136850186564e-02
1.006041896092e-03 1.167814958595e+02 4.217457318965e+04 4.217457265440e+04 3.553303696407e+05 2.535352391988e+12 1.142523616967e-02
1.006523032723e-03 1.171115934875e+02 4.218320526775e+04 4.218320490676e+04 3.555420765258e+05 2.542346704054e+12 1.148045383462e-02
1.006984888384e-03 1.174610137648e+02 4.218171668170e+04 4.189882892659e+04 3.557646767943e+05 2.548724942671e+12 1.153698805186e-02
1.007485636662e-03 1.179265947735e+02 4.215801828297e+04 2.370719718172e+04 3.560829695188e+05 2.555112111482e+12 1.159621093061e-02
1.007989290807e-03 1.185097885485e+02 4.211878194976e+04 2.368513417950e+04 3.564144804907e+05 2.562155388146e+12 1.165586835875e-02
1.008492429921e-03 1.191628354562e+02 4.206909720965e+04 2.365719255663e+04 3.567537668780e+05 2.569435784799e+12 1.171564487079e-02
1.008992565222e-03 1.198537945380e+02 4.201482420244e+04 2.362667250112e+04 3.570893821460e+05 2.576915436371e+12 1.177539288867e-02
1.009489444961e-03 1.205714541850e+02 4.195698325628e+04 2.359414450631e+04 3.574132964004e+05 2.584476718096e+12 1.183516286669e-02
1.009984010145e-03 1.212726913119e+02 4.190265591071e+04 2.356359442995e+04 3.577211398673e+05 2.592019249927e+12 1.189492097581e-02
1.010474961296e-03 1.219522629723e+02 4.185157686204e+04 2.353487483229e+04 3.580173000579e+05 2.599427756096e+12 1.195491906751e-02
1.010967970429e-03 1.225509615139e+02 4.181478209230e+04 2.351418076274e+04 3.583190013138e+05 2.606727721135e+12 1.201482942358e-02
1.011452682814e-03 1.230382384596e+02 4.179395803941e+04 2.350246948561e+04 3.586258380881e+05 2.613554987673e+12 1.208065963626e-02
1.012038047724e-03 1.234854852250e+02 4.179030736687e+04 4.150264317126e+04 3.590926653490e+05 2.621356796970e+12 1.214171289222e-02
1.012441515726e-03 1.238044669991e+02 4.181287056877e+04 4.181287047128e+04 3.593316549329e+05 2.629449009009e+12 1.220123223425e-02
1.012999553289e-03 1.240597831236e+02 4.181973946272e+04 4.155010514704e+04 3.594719902448e+05 2.634804155390e+12 1.226150577996e-02
1.013413201218e-03 1.242916650759e+02 4.181241544890e+04 2.351285059098e+04 3.595511733551e+05 2.638299434082e+12 1.231580826787e-02
1.013873344591e-03 1.245651913886e+02 4.179035713904e+04 2.350044681544e+04 3.596294234496e+05 2.641061059470e+12 1.237412065388e-02
1.014349456128e-03 1.249110978866e+02 4.174165335248e+04 2.347305815120e+04 3.596600683853e+05 2.642432275789e+12 1.243367568017e-02
1.014826903199e-03 1.252704081330e+02 4.168087552203e+04 2.343887354826e+04 3.596177582647e+05 2.642799306053e+12 1.249345183068e-02
1.015303810016e-03 1.256362810201e+02 4.160579067979e+04 2.339665968217e+04 3.595314905538e+05 2.641803783738e+12 1.255326523570e-02
1.015779070909e-03 1.259530480902e+02 4.152520197780e+04 2.335134236194e+04 3.593652360804e+05 2.639330765526e+12 1.261309012186e-02
1.016253765369e-03 1.262442588185e+02 4.143527429369e+04 2.330076774795e+04 3.591214199408e+05 2.635420408754e+12 1.267290097967e-02
1.016726612736e-03 1.264589711688e+02 4.134691852566e+04 2.325107955529e+04 3.588122663048e+05 2.630275739982e+12 1.273266262594e-02
1.017198920082e-03 1.266201249854e+02 4.125881478783e+04 2.320153577258e+04 3.584670273349e+05 2.624186516217e+12 1.279267321134e-02
1.017674496580e-03 1.266850695040e+02 4.118530345358e+04 2.316020067658e+04 3.581268794507e+05 2.617863835794e+12 1.285295125937e-02
1.018150540478e-03 1.266669846207e+02 4.112920267714e+04 2.312865332625e+04 3.578048790729e+05 2.611839973126e+12 1.291815532038e-02
1.018704031801e-03 1.266812575984e+02 4.109694050840e+04 2.311051024205e+04 3.576359009298e+05 2.608815520833e+12 1.297832092504e-02
1.019100414292e-03 1.267020126873e+02 4.109889993374e+04 4.079047399373e+04 3.576257955623e+05 2.609382142869e+12 1.303782278422e-02
1.019643272748e-03 1.268131432233e+02 4.109723678457e+04 3.981906212327e+04 3.576121543204e+05 2.611181222658e+12 1.309949653735e-02
1.020073085603e-03 1.269680959890e+02 4.108615469713e+04 2.310444015473e+04 3.576833696192e+05 2.612797219629e+12 1.315448217826e-02
1.020509405936e-03 1.272122831297e+02 4.106740204826e+04 2.309389400024e+04 3.578202901851e+05 2.615207159413e+12 1.321194490088e-02
1.020976500292e-03 1.276131257984e+02 4.103129711314e+04 2.307359621462e+04 3.580061644068e+05 2.618604683864e+12 1.327150083465e-02
1.021442788508e-03 1.280926063667e+02 4.098933260993e+04 2.305000081164e+04 3.582395761273e+05 2.622766315281e+12 1.333121624313e-02
1.021908878986e-03 1.286620255733e+02 4.093973698776e+04 2.302210603285e+04 3.585047591847e+05 2.627695006810e+12 1.339101959510e-02
1.022372407822e-03 1.292697535943e+02 4.088916393402e+04 2.299366421663e+04 3.587939808853e+05 2.633152844519e+12 1.345080004877e-02
1.022833773665e-03 1.299177903084e+02 4.083442039275e+04 2.296288738287e+04 3.591009202466e+05 2.638838420873e+12 1.351059228868e-02
1.023292870520e-03 1.305455670214e+02 4.078394611221e+04 2.293449883695e+04 3.594214126281e+05 2.644562100784e+12 1.357037253921e-02
1.023749626297e-03 1.311669155247e+02 4.073506092537e+04 2.290700657477e+04 3.597476970284e+05 2.650292719004e+12 1.363030404332e-02
1.024206690958e-03 1.317308116695e+02 4.069843890538e+04 2.288641424849e+04 3.600815652081e+05 2.656263080167e+12 1.369009897066e-02
1.024657461397e-03 1.322048434642e+02 4.067345467625e+04 2.287236205689e+04 3.604070506133e+05 2.661864728392e+12 1.375441073033e-02
1.025179601753e-03 1.326690459193e+02 4.066602107605e+04 4.037545742837e+04 3.608924634242e+05 2.669119999150e+12 1.381529506514e-02
1.025575299231e-03 1.329779723265e+02 4.067957640492e+04 4.067957649006e+04 3.610665524658e+05 2.675890703540e+12 1.387181796552e-02
1.026029710976e-03 1.331791942225e+02 4.069122574702e+04 4.069122607597e+04 3.614039207779e+05 2.680600369553e+12 1.393472885648e-02
1.026520054773e-03 1.335215753324e+02 4.070227204345e+04 4.070227179154e+04 3.618543654536e+05 2.687692858141e+12 1.399436699207e-02
1.026923021821e-03 1.338990250200e+02 4.070432276007e+04 4.041863437052e+04 3.620308790714e+05 2.694442859407e+12 1.405039062798e-02
1.027356859013e-03 1.343262260949e+02 4.068646023233e+04 2.287967914649e+04 3.623239032036e+05 2.699937428069e+12 1.410919215854e-02
1.027798525172e-03 1.348573137915e+02 4.065894446804e+04 2.286420282979e+04 3.626129329173e+05 2.706184373507e+12 1.416882266198e-02
1.028241208579e-03 1.354397562040e+02 4.062211684263e+04 2.284349474002e+04 3.628845893976e+05 2.712297540292e+12 1.422862545213e-02
1.028681615807e-03 1.360514610881e+02 4.057821294769e+04 2.281879979688e+04 3.631254671080e+05 2.718122188571e+12 1.428844906158e-02
1.029120634775e-03 1.366780846129e+02 4.052825613725e+04 2.279071409925e+04 3.633382424601e+05 2.723511765658e+12 1.434824235556e-02
1.029556566523e-03 1.372927379515e+02 4.047617032270e+04 2.276141898808e+04 3.635254728599e+05 2.728421847093e+12 1.440803239579e-02
1.029991620977e-03 1.378773370868e+02 4.042352284856e+04 2.273182065572e+04 3.636834689536e+05 2.732713392190e+12 1.446779550473e-02
1.030423469093e-03 1.383884059469e+02 4.037320486601e+04 2.270352315645e+04 3.638024455721e+05 2.735964492224e+12 1.452771265309e-02
1.030857548263e-03 1.387899913597e+02 4.032752924508e+04 2.267783633059e+04 3.638631173270e+05 2.737827866897e+12 1.458766218849e-02
1.031287357545e-03 1.390548368934e+02 4.029080947393e+04 2.265718627507e+04 3.638521725991e+05 2.738326204846e+12 1.465132517601e-02
1.031773201238e-03 1.391822791958e+02 4.026644301797e+04 2.264348356261e+04 3.638070545036e+05 2.737833087496e+12 1.471168056157e-02
1.032154643034e-03 1.391496119347e+02 4.025694343532e+04 2.263814382536e+04 3.637064977507e+05 2.736247283479e+12 1.476774045817e-02
1.032578951190e-03 1.390038047059e+02 4.024969969107e+04 2.263407075351e+04 3.635183001020e+05 2.732994327972e+12 1.483086080192e-02
1.033062824560e-03 1.388093426935e+02 4.023267197876e+04 2.262449367748e+04 3.632496997098e+05 2.727858446733e+12 1.489247433421e-02
1.033466694495e-03 1.386572900256e+02 4.020022720838e+04 2.260624940276e+04 3.629377807587e+05 2.721772922134e+12 1.494875549124e-02
1.033874626911e-03 1.385836645586e+02 4.015442250471e+04 2.258048603361e+04 3.626216053398e+05 2.715571976815e+12 1.500685458739e-02
1.034305164113e-03 1.386200334355e+02 4.010142010149e+04 2.255069221490e+04 3.623506323204e+05 2.710450693435e+12 1.506654577694e-02
1.034735847156e-03 1.388681314358e+02 4.004462914683e+04 2.251874804203e+04 3.622278263835e+05 2.708473673722e+12 1.512630597261e-02
1.035165839562e-03 1.392278865459e+02 3.999128311003e+04 2.248874796489e+04 3.622011003402e+05 2.708723329003e+12 1.518613849434e-02
1.035595337639e-03 1.396741052453e+02 3.993183262258e+04 2.245531932602e+04 3.622056920856e+05 2.709729925330e+12 1.524595771392e-02
1.036022393745e-03 1.401464069494e+02 3.987436671761e+04 2.242300298557e+04 3.622407165179e+05 2.711353342025e+12 1.530574777007e-02
1.036448588999e-03 1.406762706210e+02 3.981598472412e+04 2.239017380323e+04 3.623152620902e+05 2.713797348404e+12 1.536554247869e-02
1.036872497438e-03 1.412097827131e+02 3.976537196163e+04 2.236171070691e+04 3.624321265720e+05 2.717110755343e+12 1.542531694730e-02
1.037295194205e-03 1.417608836146e+02 3.972031640780e+04 2.233637836819e+04 3.625893158680e+05 2.721287213061e+12 1.548517269306e-02
1.037716958114e-03 1.422659729780e+02 3.969043189936e+04 2.231956919858e+04 3.627880838308e+05 2.726338401033e+12 1.554522404324e-02
1.038139406618e-03 1.426848246889e+02 3.967499148001e+04 2.231088496727e+04 3.630108694509e+05 2.731538910827e+12 1.560817712502e-02
1.038599365643e-03 1.431251313237e+02 3.967806484138e+04 3.937238602762e+04 3.633744715332e+05 2.739125890555e+12 1.566750610017e-02
1.038968457039e-03 1.433842788629e+02 3.969907494100e+04 3.969907440429e+04 3.634668446351e+05 2.745715204391e+12 1.572393984307e-02
1.039386533432e-03 1.435478807576e+02 3.972156076276e+04 3.972156055503e+04 3.637022067814e+05 2.750900427955e+12 1.578705726944e-02
1.039847849002e-03 1.438752820080e+02 3.973973369267e+04 3.973973341066e+04 3.640954921937e+05 2.758313300188e+12 1.584892693264e-02
1.040246579193e-03 1.443106834130e+02 3.974945707085e+04 3.947402732404e+04 3.642928580592e+05 2.766573199443e+12 1.590597361561e-02
1.040638458285e-03 1.447427165773e+02 3.974281876316e+04 2.234902887701e+04 3.644154938084e+05 2.772953536694e+12 1.596416009405e-02
1.041050577899e-03 1.452688410745e+02 3.971957394859e+04 2.233596042525e+04 3.646533960904e+05 2.779017003502e+12 1.602384720931e-02
1.041460205259e-03 1.458518977486e+02 3.969402042604e+04 2.232158640595e+04 3.648908347744e+05 2.785736808638e+12 1.608360692208e-02
1.041870035359e-03 1.464977782157e+02 3.966034953942e+04 2.230265361475e+04 3.651303285300e+05 2.792548347723e+12 1.614345044827e-02
1.042277194116e-03 1.471630651094e+02 3.962538348814e+04 2.228298421066e+04 3.653640260230e+05 2.799497619504e+12 1.620326368582e-02
1.042682919183e-03 1.478718812983e+02 3.958440605287e+04 2.225994451403e+04 3.655940774172e+05 2.806440087000e+12 1.626306903754e-02
1.043086074765e-03 1.485627190687e+02 3.954492105217e+04 2.223774390384e+04 3.658227477943e+05 2.813216464834e+12 1.632285217066e-02
1.043487739308e-03 1.492576167028e+02 3.950290218601e+04 2.221411711180e+04 3.660489480008e+05 2.819728836612e+12 1.638261224672e-02
1.043886838939e-03 1.498951038315e+02 3.946711120135e+04 2.219399109723e+04 3.662674432518e+05 2.825981377551e+12 1.644246534838e-02
1.044286339131e-03 1.504891238158e+02 3.943546913752e+04 2.217619076191e+04 3.664741620370e+05 2.831973365158e+12 1.650229789912e-02
1.044682013358e-03 1.509727809829e+02 3.941586416498e+04 2.216517117976e+04 3.666725202397e+05 2.837540543128e+12 1.656422737548e-02
1.045106744981e-03 1.513323557357e+02 3.940823805388e+04 2.216088159235e+04 3.669010575992e+05 2.842471496561e+12 1.662510729728e-02
1.045486599019e-03 1.516069928936e+02 3.941288629770e+04 3.907753770959e+04 3.670775089689e+05 2.847444537507e+12 1.668260773403e-02
1.045865290951e-03 1.517179322947e+02 3.942606973060e+04 3.942607082869e+04 3.671236982548e+05 2.850761416507e+12 1.674123601699e-02
1.046259457996e-03 1.517900918760e+02 3.944099526901e+04 3.920129316850e+04 3.672313655190e+05 2.853655069788e+12 1.680354301460e-02
1.046686253595e-03 1.518982188874e+02 3.943887491293e+04 2.217810290284e+04 3.672260375734e+05 2.855157573636e+12 1.686362389921e-02
1.047050525660e-03 1.520452009363e+02 3.942392022953e+04 2.216970158183e+04 3.672186643297e+05 2.855799915299e+12 1.692135280887e-02
1.047445618696e-03 1.522365417825e+02 3.939564717982e+04 2.215380130699e+04 3.671839258317e+05 2.855610653278e+12 1.698122554729e-02
1.047837100785e-03 1.524799014173e+02 3.935149333203e+04 2.212896816608e+04 3.671132633485e+05 2.854409872245e+12 1.704098177522e-02
1.048229410230e-03 1.526811634058e+02 3.930276793805e+04 2.210156981460e+04 3.669968352349e+05 2.851990427046e+12 1.710086385159e-02
1.048621507650e-03 1.529036419812e+02 3.924285660099e+04 2.206788693110e+04 3.668419741724e+05 2.848602579371e+12 1.716073011756e-02
1.049012468962e-03 1.531145257477e+02 3.918014206019e+04 2.203261634432e+04 3.666645904421e+05 2.844692033883e+12 1.722059795144e-02
1.049403508360e-03 1.533648901106e+02 3.911172070235e+04 2.199413519533e+04 3.664842688201e+05 2.840736424004e+12 1.728040681983e-02
1.049792424118e-03 1.536126400320e+02 3.904676688476e+04 2.195761263733e+04 3.663174605251e+05 2.837127511713e+12 1.734019269567e-02
1.050181906229e-03 1.538996040582e+02 3.898460461020e+04 2.192266113446e+04 3.661881708642e+05 2.834450091315e+12 1.739996436946e-02
1.050569186009e-03 1.542316987145e+02 3.893347690932e+04 2.189390093724e+04 3.661527985856e+05 2.833752938556e+12 1.745978247463e-02
1.050957597681e-03 1.545490114038e+02 3.889129778635e+04 2.187018474423e+04 3.661644549693e+05 2.833847033267e+12 1.751984816719e-02
1.051346488847e-03 1.548125263351e+02 3.886045450792e+04 2.185284377339e+04 3.661977665404e+05 2.834401657880e+12 1.758149629275e-02
1.051754020645e-03 1.550359621230e+02 3.884874352680e+04 2.184625463619e+04 3.663330157386e+05 2.836551136632e+12 1.764099083000e-02
1.052113982226e-03 1.551894844511e+02 3.885385346453e+04 3.852210296086e+04 3.664097861380e+05 2.839564084171e+12 1.769877231503e-02
1.052498677865e-03 1.552933209887e+02 3.886469417603e+04 3.886469410223e+04 3.665621179868e+05 2.842466428755e+12 1.775831208539e-02
1.052880786233e-03 1.553836522026e+02 3.888100625927e+04 3.888100751447e+04 3.667393541769e+05 2.845798338182e+12 1.782001644596e-02
1.053292897330e-03 1.556145165355e+02 3.889160239755e+04 3.889160216308e+04 3.670502575258e+05 2.850676792856e+12 1.788034080670e-02
1.053656091289e-03 1.559543077467e+02 3.888981602539e+04 3.862894705810e+04 3.671741326078e+05 2.855819223159e+12 1.793860330286e-02
1.054040071256e-03 1.563260242148e+02 3.887728993350e+04 2.186230479522e+04 3.674152356219e+05 2.860197512907e+12 1.799844330513e-02
1.054421670822e-03 1.568196244907e+02 3.885728829428e+04 2.185106286531e+04 3.676591182617e+05 2.865602078488e+12 1.805824586443e-02
1.054802763546e-03 1.573709627960e+02 3.883113681345e+04 2.183635333797e+04 3.679123718547e+05 2.871169776341e+12 1.811812475147e-02
1.055182661108e-03 1.579677552514e+02 3.880022160862e+04 2.181897325387e+04 3.681641723431e+05 2.876862743619e+12 1.817796861200e-02
1.055560435394e-03 1.586057953828e+02 3.876435906976e+04 2.179879848878e+04 3.684159345925e+05 2.882584886545e+12 1.823778003740e-02
1.055936875987e-03 1.592574751178e+02 3.872715566888e+04 2.177788339338e+04 3.686672398309e+05 2.888327002649e+12 1.829758170416e-02
1.056311441483e-03 1.599217790780e+02 3.868870187962e+04 2.175625762471e+04 3.689154930358e+05 2.894081437807e+12 1.835737320692e-02
1.056684635337e-03 1.605767522625e+02 3.865189669131e+04 2.173556537890e+04 3.691582005915e+05 2.899852713850e+12 1.841715731656e-02
1.057056058731e-03 1.612397786606e+02 3.861429624605e+04 2.171441652988e+04 3.693953493454e+05 2.905618773604e+12 1.847693237439e-02
1.057426078402e-03 1.618477363658e+02 3.858385313604e+04 2.169729248472e+04 3.696319318162e+05 2.911361957802e+12 1.853668286357e-02
1.057794413070e-03 1.623946456460e+02 3.855812650898e+04 2.168282330014e+04 3.698671272364e+05 2.916706257507e+12 1.859716403127e-02
1.058170944927e-03 1.628374721278e+02 3.854696636447e+04 2.167655004408e+04 3.701749793657e+05 2.922191131503e+12 1.865762641468e-02
1.058537023264e-03 1.632101251304e+02 3.855352262028e+04 3.822587562496e+04 3.704175993322e+05 2.928738234369e+12 1.871651492067e-02
1.058892573024e-03 1.634557789732e+02 3.856788468880e+04 3.856788653070e+04 3.705181062054e+05 2.934276939699e+12 1.877547067409e-02
1.059258389664e-03 1.635854403821e+02 3.858981916307e+04 3.858981829357e+04 3.707232079351e+05 2.938950925664e+12 1.883515403203e-02
1.059622263365e-03 1.636991953379e+02 3.861334648793e+04 3.861334590396e+04 3.708978550110e+05 2.943577561908e+12 1.889591244694e-02
1.060000707484e-03 1.639466371601e+02 3.862883106210e+04 3.862811066322e+04 3.711557210095e+05 2.949295004166e+12 1.895631906212e-02
1.060359169181e-03 1.642408280081e+02 3.862649730718e+04 3.793091684124e+04 3.712111648049e+05 2.953560290453e+12 1.901558630385e-02
1.060722418918e-03 1.645694182273e+02 3.861233226181e+04 2.171330990249e+04 3.713262986880e+05 2.956905592041e+12 1.907541826964e-02
1.061086302648e-03 1.649754664516e+02 3.858630948139e+04 2.169867834669e+04 3.714108054842e+05 2.959984187805e+12 1.913527641917e-02
1.061448080143e-03 1.653842205949e+02 3.855406738582e+04 2.168054260415e+04 3.714489518160e+05 2.962325468126e+12 1.919514240219e-02
1.061810265101e-03 1.657909310084e+02 3.851525419673e+04 2.165871951903e+04 3.714438757689e+05 2.963809188690e+12 1.925502537348e-02
1.062170471542e-03 1.661983348581e+02 3.847014306040e+04 2.163335536158e+04 3.714197642122e+05 2.964507578221e+12 1.931485957020e-02
1.062530298749e-03 1.665926981149e+02 3.842007474538e+04 2.160518694739e+04 3.713725242290e+05 2.964372693391e+12 1.937469458542e-02
1.062888810531e-03 1.669700532901e+02 3.836610941240e+04 2.157484088771e+04 3.713143176591e+05 2.963474191373e+12 1.943450268257e-02
1.063246691851e-03 1.673039318299e+02 3.831062705128e+04 2.154365646513e+04 3.712308890839e+05 2.961703997133e+12 1.949431824866e-02
1.063603863255e-03 1.676081254799e+02 3.825257985961e+04 2.151100554356e+04 3.711252518358e+05 2.959146565456e+12 1.955410144874e-02
1.063960060608e-03 1.678640497037e+02 3.819829244155e+04 2.148047097613e+04 3.709999531678e+05 2.956306686484e+12 1.961388559788e-02
1.064316155723e-03 1.681153218984e+02 3.814776999744e+04 2.145206656483e+04 3.708507739345e+05 2.953850233054e+12 1.967358048780e-02
1.064670226573e-03 1.682955091984e+02 3.811240553742e+04 2.143216879696e+04 3.707010077249e+05 2.952188601898e+12 1.973365496116e-02
1.065030072258e-03 1.684090061504e+02 3.808961000678e+04 2.141935799838e+04 3.706036890529e+05 2.951074400343e+12 1.979357726011e-02
1.065381854773e-03 1.684833133231e+02 3.808355170599e+04 2.141596017599e+04 3.705910295388e+05 2.951442918053e+12 1.985282509119e-02
1.065733380258e-03 1.684336753033e+02 3.809331351167e+04 3.776850221407e+04 3.706043329218e+05 2.951905331134e+12 1.991231996789e-02
1.066088303487e-03 1.684049786661e+02 3.811258486341e+04 3.811258635612e+04 3.706047473148e+05 2.953862205019e+12 1.997225581455e-02
1.066445186371e-03 1.684929621521e+02 3.812984237431e+04 3.812984107430e+04 3.705690560993e+05 2.957330634889e+12 2.003247631554e-02
1.066803116738e-03 1.686106706318e+02 3.813666750225e+04 3.813666766611e+04 3.707244679987e+05 2.959954809520e+12 2.009268301785e-02
1.067159336930e-03 1.688146392701e+02 3.813303768044e+04 3.788415158080e+04 3.709030010294e+05 2.962582700502e+12 2.015258453309e-02
1.067512788784e-03 1.691577575869e+02 3.811658503385e+04 2.143452793475e+04 3.711052285017e+05 2.965711991836e+12 2.021237721294e-02
1.067866282691e-03 1.697600869225e+02 3.810376177646e+04 2.142731695350e+04 3.711016511016e+05 2.973190385965e+12 2.027223935964e-02
1.068218044628e-03 1.704907485322e+02 3.809328353163e+04 2.142143669997e+04 3.710409911592e+05 2.982879475247e+12 2.033210950060e-02
1.068568609843e-03 1.710269311142e+02 3.806369330156e+04 2.140478311083e+04 3.714213472814e+05 2.987228892281e+12 2.039190074092e-02
1.068917247262e-03 1.712570795462e+02 3.801417540162e+04 2.137693636490e+04 3.718251941607e+05 2.984463046471e+12 2.045247064164e-02
1.069275966303e-03 1.662363605662e+02 3.765994924363e+04 2.117774377493e+04 3.678046240484e+05 2.865810672796e+12 2.052886713045e-02
1.069836378173e-03 1.129119835703e+02 3.370655140159e+04 1.895458440505e+04 3.072598185168e+05 1.720738570185e+12 2.064040814256e-02
1.071251682406e-03 3.732514153974e+01 1.744534625203e+04 9.810241433363e+03 1.349931319817e+05 2.315390016187e+11 2.071795120624e-02
1.073991382574e-03 2.099837393150e+01 1.559638002883e+03 8.770526010997e+02 8.332036338960e+03 2.964376176110e+09 2.077913145905e-02
1.077078824357e-03 1.938668325050e+01 1.185890259950e+02 6.668872774043e+01 3.461553923511e+01 4.484765855602e+07 2.083909195167e-02
1.080177122739e-03 1.932016046690e+01 1.160461671388e+02 1.380029259374e+02 1.408877066160e-02 4.319107927012e+07 2.089895181910e-02
1.083275446536e-03 1.932000015275e+01 1.160459289900e+02 1.380026427290e+02 -3.222398977680e-06 4.319062923803e+07 2.095881143539e-02
1.086373770339e-03 1.932000017275e+01 1.160459290014e+02 1.380026427427e+02 -1.600401946088e-05 4.319062928330e+07 2.101867105199e-02
1.089472094161e-03 1.931999972401e+01 1.160459310714e+02 1.380026452044e+02 -1.164050823152e-05 4.319062965328e+07 2.107853066757e-02
1.092570418003e-03 1.931999980462e+01 1.160459311586e+02 1.380026453080e+02 3.633696275056e-06 4.319062986013e+07 2.113839028326e-02
1.095668741811e-03 1.932000035705e+01 1.160459292419e+02 1.380026430287e+02 -3.343597407386e-07 4.319062978085e+07 2.119824990034e-02
1.098767065619e-03 1.931999981714e+01 1.160459311505e+02 1.380026452984e+02 -4.751714864442e-06 4.319062987939e+07 2.125810951603e-02
1.101865389457e-03 1.931999980523e+01 1.160459311556e+02 1.380026453044e+02 6.224957711620e-06 4.319062985952e+07 2.131796913172e-02
1.104963713269e-03 1.932000027900e+01 1.160459291349e+02 1.380026429014e+02 5.331534990670e-06 4.319062956708e+07 2.137782874869e-02
1.108062037087e-03 1.931999969080e+01 1.160459310263e+02 1.380026451507e+02 6.812815630623e-06 4.319062956255e+07 2.143768836399e-02
1.111160360914e-03 1.932000014946e+01 1.160459289305e+02 1.380026426583e+02 1.064831510291e-05 4.319062919628e+07 2.149754798054e-02
1.114258684715e-03 1.932000018065e+01 1.160459289855e+02 1.380026427237e+02 -1.884855720484e-06 4.319062928900e+07 2.155740759693e-02
1.117357008515e-03 1.932000018636e+01 1.160459290547e+02 1.380026428060e+02 -1.440006504666e-05 4.319062934118e+07 2.161726721354e-02
1.120455332338e-03 1.931999971238e+01 1.160459310783e+02 1.380026452125e+02 -9.854603216614e-06 4.319062963497e+07 2.167712682912e-02
1.123553656183e-03 1.931999970440e+01 1.160459310315e+02 1.380026451568e+02 1.021232735752e-05 4.319062959176e+07 2.173698644469e-02
1.126651980007e-03 1.932000017130e+01 1.160459289756e+02 1.380026427120e+02 1.608783662226e-05 4.319062926517e+07 2.179684606128e-02
1.129750303810e-03 1.932000012286e+01 1.160459289376e+02 1.380026426667e+02 5.852413138048e-06 4.319062914939e+07 2.185670567758e-02
1.132848627617e-03 1.932000012692e+01 1.160459288911e+02 1.380026426115e+02 -5.948305892608e-06 4.319062912952e+07 2.191656529388e-02
1.135946951419e-03 1.932000018260e+01 1.160459290162e+02 1.380026427602e+02 -1.752903028150e-05 4.319062931105e+07 2.197642491046e-02
1.139045275237e-03 1.931999980605e+01 1.160459311563e+02 1.380026453053e+02 -1.724187191993e-05 4.319062986154e+07 2.203628452614e-02
1.142143599068e-03 1.931999989762e+01 1.160459313021e+02 1.380026454787e+02 -8.760464267860e-06 4.319063012444e+07 2.209614414217e-02
1.145241922891e-03 1.931999998448e+01 1.160459313981e+02 1.380026455928e+02 -1.670614832935e-06 4.319063034857e+07 2.215600375834e-02
1.148340246710e-03 1.932000000095e+01 1.160459314646e+02 1.380026456719e+02 6.976290217083e-08 4.319063041981e+07 2.221586337450e-02
1.151438570527e-03 1.932000000252e+01 1.160459314756e+02 1.380026456849e+02 8.269802009047e-08 4.319063042939e+07 2.227572299066e-02
1.154536894345e-03 1.932000000282e+01 1.160459314677e+02 1.380026456756e+02 -1.185884364352e-07 4.319063042526e+07 2.233558260683e-02
1.157635218163e-03 1.931999998377e+01 1.160459314268e+02 1.380026456269e+02 1.440881859410e-06 4.319063036429e+07 2.239544222299e-02
1.160733541985e-03 1.931999992373e+01 1.160459313736e+02 1.380026455636e+02 6.438395124566e-06 4.319063021715e+07 2.245530183905e-02
1.163831865812e-03 1.931999988001e+01 1.160459313294e+02 1.380026455111e+02 1.070807778143e-05 4.319063010679e+07 2.251516145479e-02
1.166930189616e-03 1.932000038360e+01 1.160459292803e+02 1.380026430743e+02 2.403670943667e-06 4.319062985474e+07 2.257502107190e-02
1.170028513423e-03 1.931999980382e+01 1.160459312015e+02 1.380026453590e+02 -3.319773415805e-06 4.319062988415e+07 2.263488068758e-02
1.173126837265e-03 1.931999973193e+01 1.160459310463e+02 1.380026451745e+02 1.142555630857e-05 4.319062965352e+07 2.269474030317e-02
1.176225161086e-03 1.932000018849e+01 1.160459290015e+02 1.380026427428e+02 1.409113563817e-05 4.319062931362e+07 2.275459991977e-02
1.179323484885e-03 1.932000020122e+01 1.160459290567e+02 1.380026428084e+02 -1.722844447731e-07 4.319062937094e+07 2.281445953618e-02
1.182421808683e-03 1.932000020771e+01 1.160459290230e+02 1.380026427683e+02 -1.534634345223e-05 4.319062936337e+07 2.287431915279e-02
1.185520132500e-03 1.931999980885e+01 1.160459311870e+02 1.380026453418e+02 -1.717972531432e-05 4.319062988519e+07 2.293417876847e-02
1.188618456331e-03 1.931999989864e+01 1.160459313117e+02 1.380026454901e+02 -9.036120303516e-06 4.319063013208e+07 2.299403838449e-02
1.191716780154e-03 1.931999998006e+01 1.160459314549e+02 1.380026456604e+02 -1.566957248214e-06 4.319063037389e+07 2.305389800066e-02
1.194815103973e-03 1.932000000232e+01 1.160459314817e+02 1.380026456923e+02 2.151376852575e-07 4.319063043265e+07 2.311375761683e-02
1.197913427790e-03 1.932000000197e+01 1.160459314950e+02 1.380026457081e+02 1.680284526152e-07 4.319063043991e+07 2.317361723298e-02
1.201011751608e-03 1.932000000117e+01 1.160459314655e+02 1.380026456729e+02 -1.486422837125e-07 4.319063042077e+07 2.323347684914e-02
1.204110075425e-03 1.932000000157e+01 1.160459314890e+02 1.380026457010e+02 -1.753383979525e-07 4.319063043557e+07 2.329333646531e-02
1.207208399243e-03 1.931999998534e+01 1.160459314511e+02 1.380026456558e+02 1.463163589016e-06 4.319063038178e+07 2.335319608147e-02
1.210306723066e-03 1.931999992349e+01 1.160459313815e+02 1.380026455731e+02 6.410631380859e-06 4.319063022143e+07 2.341305569753e-02
1.213405046893e-03 1.931999987985e+01 1.160459312659e+02 1.380026454356e+02 1.068225401416e-05 4.319063006869e+07 2.347291531327e-02
1.216503370697e-03 1.932000038121e+01 1.160459293090e+02 1.380026431084e+02 2.455377387877e-06 4.319062986726e+07 2.353277493037e-02
1.219601694504e-03 1.931999980785e+01 1.160459311763e+02 1.380026453290e+02 -3.276225646203e-06 4.319062987690e+07 2.359263454606e-02
1.222700018345e-03 1.931999972936e+01 1.160459310526e+02 1.380026451819e+02 1.120658899302e-05 4.319062965231e+07 2.365249416165e-02
1.225798342167e-03 1.932000018774e+01 1.160459290268e+02 1.380026427729e+02 1.432925614184e-05 4.319062932725e+07 2.371235377824e-02
1.228896665966e-03 1.932000020380e+01 1.160459290005e+02 1.380026427416e+02 -8.777519659494e-08 4.319062934247e+07 2.377221339466e-02
1.231994989764e-03 1.932000020659e+01 1.160459290681e+02 1.380026428220e+02 -1.546724576323e-05 4.319062938810e+07 2.383207301126e-02
1.235093313580e-03 1.931999980940e+01 1.160459311604e+02 1.380026453101e+02 -1.727873995841e-05 4.319062987042e+07 2.389193262694e-02
1.238191637411e-03 1.931999989589e+01 1.160459312841e+02 1.380026454572e+02 -8.882279952276e-06 4.319063011033e+07 2.395179224297e-02
1.241289961235e-03 1.931999998281e+01 1.160459314380e+02 1.380026456402e+02 -1.514449344199e-06 4.319063036910e+07 2.401165185914e-02
1.244388285053e-03 1.932000000198e+01 1.160459314795e+02 1.380026456896e+02 1.767802860764e-07 4.319063043069e+07 2.407151147530e-02
1.247486608871e-03 1.932000000206e+01 1.160459314775e+02 1.380026456872e+02 1.332764813043e-07 4.319063042963e+07 2.413137109146e-02
1.250584932688e-03 1.932000000148e+01 1.160459314727e+02 1.380026456815e+02 -1.407226060642e-07 4.319063042567e+07 2.419123070762e-02
1.253683256506e-03 1.932000000240e+01 1.160459314645e+02 1.380026456718e+02 -1.861099697928e-07 4.319063042257e+07 2.425109032379e-02
1.256781580324e-03 1.931999998151e+01 1.160459314355e+02 1.380026456373e+02 1.536222779872e-06 4.319063036512e+07 2.431094993995e-02
1.259879904148e-03 1.931999990101e+01 1.160459313012e+02 1.380026454776e+02 8.579749389653e-06 4.319063013041e+07 2.437080955598e-02
1.262978227978e-03 1.931999982364e+01 1.160459311896e+02 1.380026453448e+02 1.586577804445e-05 4.319062991515e+07 2.443066917166e-02
1.266076551791e-03 1.932000027291e+01 1.160459291422e+02 1.380026429100e+02 1.120743315130e-05 4.319062955968e+07 2.449052878839e-02
1.269174875584e-03 1.932000018937e+01 1.160459290630e+02 1.380026428159e+02 -3.431114012277e-06 4.319062935191e+07 2.455038840500e-02
1.272273199413e-03 1.931999962063e+01 1.160459308912e+02 1.380026449900e+02 2.413972654598e-06 4.319062934720e+07 2.461024802021e-02
1.275371523243e-03 1.932000013089e+01 1.160459289289e+02 1.380026426564e+02 9.302639656877e-06 4.319062915963e+07 2.467010763675e-02
1.278469847045e-03 1.932000017823e+01 1.160459290135e+02 1.380026427571e+02 -2.243968346031e-06 4.319062930106e+07 2.472996725313e-02
1.281568170844e-03 1.932000020598e+01 1.160459290601e+02 1.380026428124e+02 -1.560313581651e-05 4.319062938213e+07 2.478982686974e-02
1.284666494661e-03 1.931999980934e+01 1.160459311619e+02 1.380026453119e+02 -1.734838027034e-05 4.319062987117e+07 2.484968648542e-02
1.287764818492e-03 1.931999989523e+01 1.160459313566e+02 1.380026455435e+02 -8.842802269848e-06 4.319063015228e+07 2.490954610144e-02
1.290863142316e-03 1.931999998457e+01 1.160459314572e+02 1.380026456631e+02 -1.481884013736e-06 4.319063038391e+07 2.496940571761e-02
1.293961466134e-03 1.932000000148e+01 1.160459314902e+02 1.380026457024e+02 1.523162046837e-07 4.319063043612e+07 2.502926533378e-02
1.297059789951e-03 1.932000000142e+01 1.160459314794e+02 1.380026456895e+02 1.348214632465e-07 4.319063042954e+07 2.508912494994e-02
1.300158113769e-03 1.932000000063e+01 1.160459314681e+02 1.380026456760e+02 -1.216796540026e-07 4.319063042128e+07 2.514898456609e-02
1.303256437586e-03 1.932000000183e+01 1.160459314598e+02 1.380026456662e+02 -1.162888897039e-07 4.319063041866e+07 2.520884418226e-02
1.306354761405e-03 1.931999998569e+01 1.160459314535e+02 1.380026456587e+02 1.426798340004e-06 4.319063038391e+07 2.526870379842e-02
1.309453085227e-03 1.931999992247e+01 1.160459314088e+02 1.380026456055e+02 6.440208289505e-06 4.319063023572e+07 2.532856341448e-02
1.312551409054e-03 1.931999988156e+01 1.160459313186e+02 1.380026454983e+02 1.077939947630e-05 4.319063010337e+07 2.538842303023e-02
1.315649732858e-03 1.932000038221e+01 1.160459293109e+02 1.380026431106e+02 2.386313709894e-06 4.319062987028e+07 2.544828264733e-02
1.318748056665e-03 1.931999980512e+01 1.160459311501e+02 1.380026452978e+02 -3.337701391229e-06 4.319062985603e+07 2.550814226301e-02
1.321846380507e-03 1.931999972927e+01 1.160459311004e+02 1.380026452388e+02 1.135254143697e-05 4.319062968063e+07 2.556800187860e-02
1.324944704328e-03 1.932000018905e+01 1.160459289929e+02 1.380026427325e+02 1.431027300974e-05 4.319062930956e+07 2.562786149520e-02
1.328043028127e-03 1.932000020377e+01 1.160459290028e+02 1.380026427442e+02 -1.830966593432e-07 4.319062934375e+07 2.568772111161e-02
1.331141351925e-03 1.932000020887e+01 1.160459290106e+02 1.380026427535e+02 -1.559670700293e-05 4.319062935819e+07 2.574758072822e-02
1.334239675742e-03 1.931999980635e+01 1.160459312340e+02 1.380026453976e+02 -1.719027591073e-05 4.319062990835e+07 2.580744034390e-02
1.337337999573e-03 1.931999989676e+01 1.160459313119e+02 1.380026454903e+02 -8.859596423983e-06 4.319063012859e+07 2.586729995992e-02
1.340436323396e-03 1.931999998312e+01 1.160459314804e+02 1.380026456907e+02 -1.405667750138e-06 4.319063039496e+07 2.592715957609e-02
1.343534647214e-03 1.932000000315e+01 1.160459314626e+02 1.380026456695e+02 3.008870391773e-08 4.319063042284e+07 2.598701919226e-02
1.346632971032e-03 1.931999999974e+01 1.160459314852e+02 1.380026456963e+02 -2.590580534825e-08 4.319063042974e+07 2.604687880841e-02
1.349731294849e-03 1.932000000088e+01 1.160459314590e+02 1.380026456652e+02 -6.380566682862e-08 4.319063041634e+07 2.610673842457e-02
1.352829618667e-03 1.932000000129e+01 1.160459314858e+02 1.380026456970e+02 9.961221111571e-09 4.319063043309e+07 2.616659804074e-02
1.355927942485e-03 1.931999998477e+01 1.160459314728e+02 1.380026456816e+02 1.581220601149e-06 4.319063039359e+07 2.622645765691e-02
1.359026266309e-03 1.931999989953e+01 1.160459313109e+02 1.380026454891e+02 8.481045499137e-06 4.319063013331e+07 2.628631727293e-02
1.362124590139e-03 1.931999982130e+01 1.160459311985e+02 1.380026453554e+02 1.589650446890e-05 4.319062991595e+07 2.634617688861e-02
1.365222913952e-03 1.932000027607e+01 1.160459291493e+02 1.380026429185e+02 1.121529986782e-05 4.319062957002e+07 2.640603650534e-02
1.368321237745e-03 1.932000019112e+01 1.160459290115e+02 1.380026427547e+02 -3.588574309431e-06 4.319062932465e+07 2.646589612196e-02
1.371419561574e-03 1.931999961868e+01 1.160459308966e+02 1.380026449964e+02 2.479103745882e-06 4.319062934662e+07 2.652575573717e-02
1.374517885404e-03 1.932000012926e+01 1.160459289305e+02 1.380026426583e+02 9.375616094279e-06 4.319062915746e+07 2.658561535370e-02
1.377616209206e-03 1.932000017953e+01 1.160459289505e+02 1.380026426821e+02 -2.070241608923e-06 4.319062926605e+07 2.664547497008e-02
1.380714533006e-03 1.932000020697e+01 1.160459289886e+02 1.380026427274e+02 -1.562275047059e-05 4.319062934145e+07 2.670533458669e-02
1.383812856822e-03 1.931999980829e+01 1.160459311707e+02 1.380026453224e+02 -1.737313823674e-05 4.319062987443e+07 2.676519420238e-02
1.386911180653e-03 1.931999989624e+01 1.160459313370e+02 1.380026455201e+02 -8.950837982518e-06 4.319063014252e+07 2.682505381840e-02
1.390009504477e-03 1.931999998270e+01 1.160459314613e+02 1.380026456679e+02 -1.486276246278e-06 4.319063038275e+07 2.688491343457e-02
1.393107828295e-03 1.932000000228e+01 1.160459314763e+02 1.380026456858e+02 1.418260821754e-07 4.319063042933e+07 2.694477305073e-02
1.396206152113e-03 1.932000000130e+01 1.160459314874e+02 1.380026456990e+02 1.356996083943e-07 4.319063043408e+07 2.700463266689e-02
1.399304475930e-03 1.932000000008e+01 1.160459314631e+02 1.380026456702e+02 8.105254512727e-09 4.319063041729e+07 2.706449228305e-02
1.402402799748e-03 1.931999999990e+01 1.160459314558e+02 1.380026456614e+02 -7.913512368681e-08 4.319063041256e+07 2.712435189920e-02
1.405501123565e-03 1.932000000042e+01 1.160459315101e+02 1.380026457260e+02 -8.535345809079e-08 4.319063044593e+07 2.718421151536e-02
1.408599447383e-03 1.932000000227e+01 1.160459314651e+02 1.380026456725e+02 -3.231741939919e-08 4.319063042268e+07 2.724407113153e-02
1.411697771201e-03 1.931999998449e+01 1.160459314491e+02 1.380026456535e+02 1.490418580639e-06 4.319063037897e+07 2.730393074768e-02
1.414796095023e-03 1.931999992506e+01 1.160459313445e+02 1.380026455291e+02 6.408656628047e-06 4.319063020242e+07 2.736379036374e-02
1.417894418850e-03 1.931999987969e+01 1.160459312814e+02 1.380026454541e+02 1.053253137441e-05 4.319063007761e+07 2.742364997949e-02
1.420992742654e-03 1.932000038530e+01 1.160459292784e+02 1.380026430721e+02 2.306417427387e-06 4.319062985690e+07 2.748350959660e-02
1.424091066460e-03 1.931999982318e+01 1.160459311570e+02 1.380026453061e+02 -4.763674834157e-06 4.319062989487e+07 2.754336921229e-02
1.427189390298e-03 1.931999982316e+01 1.160459311658e+02 1.380026453165e+02 4.603982045128e-06 4.319062990005e+07 2.760322882797e-02
1.430287714104e-03 1.932000038662e+01 1.160459293383e+02 1.380026431433e+02 -2.404525391587e-06 4.319062989510e+07 2.766308844508e-02
1.433386037908e-03 1.931999988450e+01 1.160459313290e+02 1.380026455106e+02 -1.092211662512e-05 4.319063011520e+07 2.772294806085e-02
1.436484361736e-03 1.931999990499e+01 1.160459313397e+02 1.380026455233e+02 -4.681714665211e-06 4.319063016095e+07 2.778280767690e-02
1.439582685563e-03 1.931999990488e+01 1.160459313199e+02 1.380026454998e+02 4.744143149322e-06 4.319063014895e+07 2.784266729296e-02
1.442681009391e-03 1.931999988461e+01 1.160459313045e+02 1.380026454815e+02 1.095891075926e-05 4.319063010080e+07 2.790252690872e-02
1.445779333194e-03 1.932000038930e+01 1.160459293248e+02 1.380026431272e+02 2.417459864350e-06 4.319062989221e+07 2.796238652584e-02
1.448877657001e-03 1.931999981991e+01 1.160459311590e+02 1.380026453085e+02 -4.620935749624e-06 4.319062988979e+07 2.802224614152e-02
1.451975980838e-03 1.931999980818e+01 1.160459312312e+02 1.380026453943e+02 5.874055294787e-06 4.319062991021e+07 2.808210575721e-02
1.455074304650e-03 1.932000030763e+01 1.160459291998e+02 1.380026429786e+02 3.934332350193e-06 4.319062966075e+07 2.814196537423e-02
1.458172628464e-03 1.931999975857e+01 1.160459311056e+02 1.380026452449e+02 1.458383457813e-06 4.319062974003e+07 2.820182498960e-02
1.461270952281e-03 1.932000025640e+01 1.160459291004e+02 1.380026428604e+02 6.187687356382e-08 4.319062950308e+07 2.826168460654e-02
1.464369276098e-03 1.931999974150e+01 1.160459310822e+02 1.380026452171e+02 -7.469189149468e-08 4.319062969330e+07 2.832154422190e-02
1.467467599916e-03 1.932000025741e+01 1.160459291564e+02 1.380026429269e+02 -2.085363588416e-07 4.319062953835e+07 2.838140383884e-02
1.470565923732e-03 1.931999976378e+01 1.160459310989e+02 1.380026452370e+02 -1.698351227079e-06 4.319062974609e+07 2.844126345422e-02
1.473664247546e-03 1.932000033639e+01 1.160459292062e+02 1.380026429862e+02 -5.656877647898e-06 4.319062971989e+07 2.850112307127e-02
1.476762571353e-03 1.931999986887e+01 1.160459312825e+02 1.380026454554e+02 -1.201752555957e-05 4.319063005748e+07 2.856098268702e-02
1.479860895181e-03 1.931999990352e+01 1.160459312929e+02 1.380026454677e+02 -5.109534664549e-06 4.319063013026e+07 2.862084230307e-02
1.482959219008e-03 1.931999990516e+01 1.160459313464e+02 1.380026455313e+02 4.713403029874e-06 4.319063016528e+07 2.868070191913e-02
1.486057542836e-03 1.931999988880e+01 1.160459313003e+02 1.380026454765e+02 1.052030776730e-05 4.319063010637e+07 2.874056153490e-02
1.489155866640e-03 1.932000035039e+01 1.160459292576e+02 1.380026430473e+02 5.132441080584e-06 4.319062977740e+07 2.880042115198e-02
1.492254190455e-03 1.931999907394e+01 1.160459301196e+02 1.380026440724e+02 5.645361651417e-05 4.319062783666e+07 2.886028077187e-02
1.495352514959e-03 1.931998488035e+01 1.160459093750e+02 1.380026194028e+02 1.296253923095e-03 4.319058819523e+07 2.892014036583e-02
1.498450840641e-03 1.931996198185e+01 1.160458757171e+02 1.380025793766e+02 3.288875485537e-03 4.319052412826e+07 2.898000000000e-02
