# time = 2.000175010089e-09
# x  density  temperature  T_rad  velocity_x  pressure  mass_coord
-6.329161004749e-02 9.755774847134e-05 1.146045980145e+06 1.156319787591e+06 -3.703154982526e+07 2.961446808770e+09 4.766164452437e-07
-5.849797277728e-02 1.206818509509e-04 1.139010912676e+06 1.164561138126e+06 -3.368725015041e+07 3.521050482929e+09 1.041267709291e-06
-5.393392685656e-02 2.054316293013e-04 1.145830840215e+06 1.158837491960e+06 -3.152784058737e+07 5.616971840272e+09 1.954158733037e-06
-4.961043168294e-02 3.314980963323e-04 1.147226185996e+06 1.161264787794e+06 -2.914102468766e+07 8.493129060697e+09 3.344446946976e-06
-4.554601616072e-02 5.176292688857e-04 1.147967229072e+06 1.153880692048e+06 -2.685777849771e+07 1.247265536473e+10 5.376201826443e-06
-4.176019986030e-02 7.786777614280e-04 1.148427591505e+06 1.147788330585e+06 -2.473953243045e+07 1.773164470433e+10 8.209991911735e-06
-3.826754944274e-02 1.135888932533e-03 1.148620133547e+06 1.151698950531e+06 -2.281071982778e+07 2.454068459510e+10 1.200671743566e-05
-3.507517033815e-02 1.609843503513e-03 1.148228015745e+06 1.152754287456e+06 -2.106770389298e+07 3.310507053612e+10 1.690496485217e-05
-3.218217852834e-02 2.216109998961e-03 1.147345716315e+06 1.158061983031e+06 -1.949880427232e+07 4.352461668627e+10 2.299359589285e-05
-2.958028872711e-02 2.963386800491e-03 1.146262462006e+06 1.154853814419e+06 -1.809221330549e+07 5.579663841046e+10 3.029435628338e-05
-2.725487009238e-02 3.853173055461e-03 1.144541430101e+06 1.153333554607e+06 -1.683705370087e+07 6.976376319599e+10 3.875993449318e-05
-2.518620723222e-02 4.880719765509e-03 1.143062563546e+06 1.150755931529e+06 -1.572238817946e+07 8.531466322063e+10 4.828705143231e-05
-2.335088977929e-02 6.038720370399e-03 1.140715214906e+06 1.146788891552e+06 -1.473324636623e+07 1.021202227944e+11 5.874225390673e-05
-2.172348604855e-02 7.313476662110e-03 1.138231518961e+06 1.137995860276e+06 -1.385679078523e+07 1.199861330001e+11 6.997914950825e-05
-2.027796123363e-02 8.687511911424e-03 1.136384532628e+06 1.132933505649e+06 -1.307768220178e+07 1.387733605965e+11 8.185698578054e-05
-1.898902389336e-02 1.014604354258e-02 1.134907868602e+06 1.141996173686e+06 -1.238030036178e+07 1.582587386935e+11 9.425897893240e-05
-1.783326580140e-02 1.167419004173e-02 1.132112276730e+06 1.139221082184e+06 -1.175286486909e+07 1.778499553661e+11 1.070964394191e-04
-1.678973461661e-02 1.326514625943e-02 1.129455079690e+06 1.139579330894e+06 -1.118453422681e+07 1.977599053787e+11 1.203152311697e-04
-1.584025471927e-02 1.492102489629e-02 1.127163354917e+06 1.133778959478e+06 -1.066655155221e+07 2.181028642315e+11 1.338957559837e-04
-1.496941397398e-02 1.665306467993e-02 1.124558577899e+06 1.126179346276e+06 -1.019360090433e+07 2.388206441661e+11 1.478517067888e-04
-1.416417273997e-02 1.846389931576e-02 1.121895089742e+06 1.124360061297e+06 -9.758231115368e+06 2.600023585506e+11 1.622155659339e-04
-1.341352819932e-02 2.033290340409e-02 1.119054507950e+06 1.125226416487e+06 -9.349779984527e+06 2.813384014742e+11 1.770136567477e-04
-1.270859204696e-02 2.229417232152e-02 1.115592092515e+06 1.116585535061e+06 -8.963214330220e+06 3.030182570272e+11 1.922982464519e-04
-1.204235464923e-02 2.432388264786e-02 1.112712035577e+06 1.112140314088e+06 -8.597381624285e+06 3.252492460491e+11 2.081008059663e-04
-1.140924689363e-02 2.643986206145e-02 1.110575542212e+06 1.113186924139e+06 -8.247479894630e+06 3.483657217979e+11 2.244574405260e-04
-1.080508385548e-02 2.868364067201e-02 1.107129075820e+06 1.108096364815e+06 -7.913711782329e+06 3.717904529501e+11 2.414194806759e-04
-1.022654903851e-02 3.106308305650e-02 1.103684522840e+06 1.102858522397e+06 -7.594958568328e+06 3.961847838121e+11 2.590363317773e-04
-9.670820970542e-03 3.355609949658e-02 1.100751974894e+06 1.095760244797e+06 -7.286385878628e+06 4.215821093666e+11 2.773404543191e-04
-9.135592531859e-03 3.616344593536e-02 1.096876334904e+06 1.095710476886e+06 -6.986786678932e+06 4.470744475031e+11 2.963570561767e-04
-8.619117994470e-03 3.891848263898e-02 1.092155773384e+06 1.085724546657e+06 -6.698451494011e+06 4.729388152409e+11 3.161214727930e-04
-8.119909736638e-03 4.183586689505e-02 1.087615306419e+06 1.086637722104e+06 -6.419855204029e+06 4.999286084041e+11 3.366721576907e-04
-7.636674630774e-03 4.493007988594e-02 1.083202262248e+06 1.084834063279e+06 -6.146347107320e+06 5.281202564020e+11 3.580464669814e-04
-7.168462094214e-03 4.823267291239e-02 1.078380906714e+06 1.077873997201e+06 -5.881050123420e+06 5.573456238652e+11 3.802908801841e-04
-6.714295178858e-03 5.173357919928e-02 1.074763486131e+06 1.078681499654e+06 -5.626916645315e+06 5.887901905924e+11 4.034546062205e-04
-6.272961477598e-03 5.539769485506e-02 1.069546351192e+06 1.074741887933e+06 -5.374737996270e+06 6.196376259675e+11 4.275728356821e-04
-5.843564744145e-03 5.931907392697e-02 1.063598203124e+06 1.061566870427e+06 -5.124450191389e+06 6.513386527868e+11 4.527104951610e-04
-5.425420954298e-03 6.345328011322e-02 1.056743353398e+06 1.064107303287e+06 -4.880563992404e+06 6.830890038493e+11 4.789012845946e-04
-5.018050621412e-03 6.797887505001e-02 1.050095656348e+06 1.065745872440e+06 -4.640449878730e+06 7.175023773881e+11 5.062308976689e-04
-4.621359014343e-03 7.285111504288e-02 1.042317569892e+06 1.050517944584e+06 -4.408213810268e+06 7.525074026680e+11 5.347601164854e-04
-4.234830795615e-03 7.795966804537e-02 1.035075870353e+06 1.042098180224e+06 -4.181681912991e+06 7.888223860452e+11 5.645161937575e-04
-3.857987952918e-03 8.348375610047e-02 1.025743893526e+06 1.034540141707e+06 -3.953113847936e+06 8.246232124508e+11 5.955556295139e-04
-3.491226597474e-03 8.960450570562e-02 1.016236959829e+06 1.023597648402e+06 -3.727796922244e+06 8.633983115765e+11 6.279443653517e-04
-3.135061453123e-03 9.637795657569e-02 1.006666984581e+06 1.012826593410e+06 -3.509270929529e+06 9.054275455006e+11 6.617574808010e-04
-2.789549229522e-03 1.036675039355e-01 9.953953955261e+05 9.959922574705e+05 -3.291119029208e+06 9.468064852117e+11 6.970056615999e-04
-2.455037733814e-03 1.117191802464e-01 9.829832034930e+05 9.880971740104e+05 -3.076508431126e+06 9.896443735541e+11 7.337613371450e-04
-2.131548061522e-03 1.203613093520e-01 9.701846387586e+05 9.667298413971e+05 -2.867665786036e+06 1.033240249298e+12 7.720252139671e-04
-1.819220841689e-03 1.301858452385e-01 9.547933783679e+05 9.435710579379e+05 -2.661115032885e+06 1.077445781873e+12 8.119112563140e-04
-1.518792622959e-03 1.413422750664e-01 9.391187464289e+05 9.430819713752e+05 -2.455900927756e+06 1.126165842000e+12 8.534969090733e-04
-1.230781852155e-03 1.534531846917e-01 9.219434307175e+05 9.159093010085e+05 -2.252212810363e+06 1.173496140951e+12 8.966856364111e-04
-9.559013747313e-04 1.676119655488e-01 9.056391197399e+05 9.065206432577e+05 -2.050094796711e+06 1.230399490490e+12 9.415530782270e-04
-6.954090740951e-04 1.840836045128e-01 8.841572599670e+05 8.873454216884e+05 -1.851457675777e+06 1.283440589679e+12 9.880658315694e-04
-4.505575830827e-04 2.034210437232e-01 8.623654040198e+05 8.705901800373e+05 -1.657326676767e+06 1.343823167126e+12 1.036196233306e-03
-2.221994114641e-04 2.262688108384e-01 8.355815482387e+05 8.383259838527e+05 -1.464384378652e+06 1.400151180697e+12 1.085948296328e-03
-1.079690339822e-05 2.532143086778e-01 8.056419340280e+05 8.048060828640e+05 -1.268071363047e+06 1.454932142876e+12 1.137166655546e-03
1.823461253566e-04 2.880781086937e-01 7.697739930134e+05 7.761442736205e+05 -1.072414013285e+06 1.511386518381e+12 1.189934167467e-03
3.555447958027e-04 3.354800026769e-01 7.283118023909e+05 7.333452767376e+05 -8.796951505362e+05 1.576872622416e+12 1.244429847437e-03
5.072279635344e-04 4.030257489756e-01 6.767055595739e+05 6.777104653466e+05 -6.792468352899e+05 1.641501718946e+12 1.300857461592e-03
6.355646917919e-04 5.118654107544e-01 6.129092191079e+05 6.234529157146e+05 -4.664528435815e+05 1.720772146653e+12 1.360145799785e-03
7.388839299162e-04 7.355148160682e-01 5.183075229338e+05 5.297109863104e+05 -2.324962730989e+05 1.797314979170e+12 1.424805357787e-03
8.113859168437e-04 1.544271801117e+00 3.673832562471e+05 3.804751293555e+05 8.135133589999e+04 1.961141545612e+12 1.508797361164e-03
8.476627126622e-04 5.927786882763e+00 1.795153082175e+05 1.871805632613e+05 2.715809333984e+05 1.982739006384e+12 1.650512013065e-03
8.591995966210e-04 2.052249204090e+01 9.269769269836e+04 9.366019627763e+04 3.170402628480e+05 2.003750803841e+12 1.800195629230e-03
8.622499875280e-04 4.162871147990e+01 6.364565757020e+04 6.379200718929e+04 3.214441937739e+05 2.017081961339e+12 1.891675840418e-03
8.635946503200e-04 4.905845977095e+01 5.837436778799e+04 5.837436886635e+04 3.223393857300e+05 2.022949372097e+12 1.953938551049e-03
8.647882943122e-04 5.008016033917e+01 5.786013917840e+04 5.785925410145e+04 3.225756536815e+05 2.030183143627e+12 2.015616468108e-03
8.660578180352e-04 5.144687088138e+01 5.710877431568e+04 5.710822653893e+04 3.234538042116e+05 2.034739429133e+12 2.083991301689e-03
8.674463698146e-04 5.114140428802e+01 5.739530439592e+04 5.739531023806e+04 3.239885986390e+05 2.040620324397e+12 2.147120807235e-03
8.685266397825e-04 5.139165876456e+01 5.735390033634e+04 5.742122135502e+04 3.243033995914e+05 2.046840239641e+12 2.198714642997e-03
8.694542379007e-04 5.225865212961e+01 5.691433156101e+04 5.694247388430e+04 3.247498844772e+05 2.051097129671e+12 2.252396428142e-03
8.705811047546e-04 5.365523920559e+01 5.622116006115e+04 5.613635646053e+04 3.253639362485e+05 2.057413894791e+12 2.312604175635e-03
8.716984827641e-04 5.422409299567e+01 5.602117898191e+04 5.602118001680e+04 3.259421023234e+05 2.064355620111e+12 2.374615547200e-03
8.728683305297e-04 5.503248313009e+01 5.570344102136e+04 5.550076827404e+04 3.265109008047e+05 2.071854344671e+12 2.436959787659e-03
8.739642079109e-04 5.563667783239e+01 5.556993215121e+04 5.577943405641e+04 3.271946352062e+05 2.083387036458e+12 2.496598764660e-03
8.750122032167e-04 5.662236684017e+01 5.513901350915e+04 5.513901452775e+04 3.280556857901e+05 2.088909531176e+12 2.561383887091e-03
8.762525305667e-04 5.662428554071e+01 5.525191348472e+04 5.516176460187e+04 3.285178886858e+05 2.095818247985e+12 2.625241052616e-03
8.772676723997e-04 5.764310320120e+01 5.482359219193e+04 5.491833046068e+04 3.289012053802e+05 2.101871941952e+12 2.683693605584e-03
8.782806154449e-04 5.925330153886e+01 5.400409602246e+04 5.399111606500e+04 3.290047752140e+05 2.101024252620e+12 2.743496385687e-03
8.792862191659e-04 5.851596459949e+01 5.442075629425e+04 5.447381987337e+04 3.289166845547e+05 2.104237818218e+12 2.800846891660e-03
8.802407815762e-04 5.958206281189e+01 5.390026701183e+04 5.386430648420e+04 3.288992686259e+05 2.104555458919e+12 2.859463782821e-03
8.812538211049e-04 5.914787758041e+01 5.411344037056e+04 5.408537669418e+04 3.288899875521e+05 2.104609196191e+12 2.917111887571e-03
8.821900689254e-04 6.037113653464e+01 5.345002066582e+04 5.347782181136e+04 3.287840261856e+05 2.100126207672e+12 2.976070340431e-03
8.832070211354e-04 6.036335146075e+01 5.344610498366e+04 5.344610123747e+04 3.286238044456e+05 2.099647169904e+12 3.038452016265e-03
8.842569414341e-04 6.141790777736e+01 5.292925086636e+04 5.292920039075e+04 3.285860119578e+05 2.098275255282e+12 3.100390602174e-03
8.852239763900e-04 6.130792786371e+01 5.294966460795e+04 5.287599070265e+04 3.285331493877e+05 2.096336510241e+12 3.158090239971e-03
8.861392310435e-04 6.162181968183e+01 5.279545650794e+04 5.269582358239e+04 3.284573536397e+05 2.095760802244e+12 3.217445359148e-03
8.871504082768e-04 6.342514306147e+01 5.197680947194e+04 5.249829241745e+04 3.283449653619e+05 2.095346194055e+12 3.281150108603e-03
8.881480479379e-04 6.288044296255e+01 5.215344455179e+04 5.133818085513e+04 3.282576407997e+05 2.091181620686e+12 3.346060191623e-03
8.892149638035e-04 6.361610097711e+01 5.186257910531e+04 5.230672544400e+04 3.282674259233e+05 2.093388265948e+12 3.409283844371e-03
8.901357099221e-04 6.391690407182e+01 5.169444512325e+04 5.169444070069e+04 3.283315742078e+05 2.091006012455e+12 3.468823321685e-03
8.910779913759e-04 6.393329600087e+01 5.169197145490e+04 5.132145223624e+04 3.284318151967e+05 2.091307055432e+12 3.527639275062e-03
8.919756261178e-04 6.527257254704e+01 5.115454378538e+04 5.155205215232e+04 3.284729808481e+05 2.093624157475e+12 3.581242300761e-03
8.927204278115e-04 6.528264617144e+01 5.117194416420e+04 5.117350112831e+04 3.285372007648e+05 2.095041743269e+12 3.640235935775e-03
8.937829558899e-04 6.609766231531e+01 5.084202203100e+04 5.024697062992e+04 3.286973422178e+05 2.095714398567e+12 3.704318511722e-03
8.946594548119e-04 6.595102796468e+01 5.098275113162e+04 5.163420624715e+04 3.288560896096e+05 2.100986805567e+12 3.760654109555e-03
8.954913628570e-04 6.679630280002e+01 5.066633216660e+04 5.066633310257e+04 3.289863286488e+05 2.103070245423e+12 3.821503836851e-03
8.964814037745e-04 6.800907168335e+01 5.022798336135e+04 5.021858253019e+04 3.295649412945e+05 2.106377577457e+12 3.888386571923e-03
8.974582397285e-04 6.729966969061e+01 5.056523654661e+04 5.057539813555e+04 3.299504573474e+05 2.109939192530e+12 3.949754588010e-03
8.983051279137e-04 6.848921663159e+01 5.019346139299e+04 5.019347888232e+04 3.301196659153e+05 2.116830443770e+12 4.007106690187e-03
8.991330173066e-04 6.894871455593e+01 5.009917892934e+04 5.009904086082e+04 3.305297007810e+05 2.122643356793e+12 4.065377485184e-03
8.999953927830e-04 6.995608117492e+01 4.977194688819e+04 4.934051553280e+04 3.309839599155e+05 2.126869587536e+12 4.127049525833e-03
9.008961818410e-04 7.031765228007e+01 4.974676607135e+04 5.016323371892e+04 3.315685583593e+05 2.134590956779e+12 4.189219157366e-03
9.017636438413e-04 6.971569853686e+01 5.005669350468e+04 5.005669442939e+04 3.319751031456e+05 2.140027251958e+12 4.248366047865e-03
9.025929844763e-04 7.142697848103e+01 4.946486721779e+04 4.900939007865e+04 3.321733039589e+05 2.143937220485e+12 4.307678173836e-03
9.034244204059e-04 7.283472884024e+01 4.904024062650e+04 4.946233407488e+04 3.325991071072e+05 2.150358216065e+12 4.370499839691e-03
9.043180314932e-04 7.234775664519e+01 4.927530187127e+04 4.927483488432e+04 3.328781495387e+05 2.154408119190e+12 4.431188901167e-03
9.051021244368e-04 7.269022401034e+01 4.918978479763e+04 4.901518938615e+04 3.330462908497e+05 2.157172078449e+12 4.486504143511e-03
9.058399759664e-04 7.303113370122e+01 4.914351885801e+04 4.996706051572e+04 3.333067351379e+05 2.162611286040e+12 4.546934812682e-03
9.067570533996e-04 7.463536900506e+01 4.854377382192e+04 4.786945012038e+04 3.334262206135e+05 2.160536628863e+12 4.610668564269e-03
9.075478459063e-04 7.443100559958e+01 4.867129243112e+04 4.867072057808e+04 3.334935961510e+05 2.164514485176e+12 4.667754961774e-03
9.082909947200e-04 7.409646430748e+01 4.877354361195e+04 4.877354451295e+04 3.335134511344e+05 2.163397290227e+12 4.727924150265e-03
9.091719230887e-04 7.477999659583e+01 4.855654687989e+04 4.860329123088e+04 3.334876918697e+05 2.165047843659e+12 4.792828280381e-03
9.100268634836e-04 7.540410647681e+01 4.832203032835e+04 4.826945653805e+04 3.335153268933e+05 2.163752207939e+12 4.851228276449e-03
9.107209102406e-04 7.534180110198e+01 4.834717852977e+04 4.834717942290e+04 3.334419986760e+05 2.164015272171e+12 4.903732687546e-03
9.114206292372e-04 7.614533141632e+01 4.808143216801e+04 4.809427074495e+04 3.333966146419e+05 2.164674505371e+12 4.964805295987e-03
9.123250166857e-04 7.649503891275e+01 4.795965264472e+04 4.794729099198e+04 3.334160208868e+05 2.164421336667e+12 5.028869802604e-03
9.130956269240e-04 7.779725109733e+01 4.753759136731e+04 4.753759224549e+04 3.333794822419e+05 2.165231225688e+12 5.087463998692e-03
9.138313474431e-04 7.792724747071e+01 4.750182815256e+04 4.750179902082e+04 3.334039209297e+05 2.165732910168e+12 5.147775783719e-03
9.146435267148e-04 7.814642316956e+01 4.743202719782e+04 4.736803142367e+04 3.334544240010e+05 2.165868456446e+12 5.211484216504e-03
9.154618362154e-04 7.837464549129e+01 4.738044462798e+04 4.744460689501e+04 3.335011434680e+05 2.167530243981e+12 5.274826504498e-03
9.162599241504e-04 7.796040521718e+01 4.752101743989e+04 4.744064161443e+04 3.335812177741e+05 2.167925891909e+12 5.332777895948e-03
9.169485240100e-04 8.003229821337e+01 4.687279072434e+04 4.698357739035e+04 3.336743313754e+05 2.169187006082e+12 5.390167974499e-03
9.176940970989e-04 7.939554464227e+01 4.712978513851e+04 4.710157487851e+04 3.337681510637e+05 2.173266359537e+12 5.449136462278e-03
9.184339596990e-04 7.870503264068e+01 4.737975111053e+04 4.735463047621e+04 3.341483534059e+05 2.175334967246e+12 5.505641294821e-03
9.191299603632e-04 8.127408657802e+01 4.660425681033e+04 4.635621861318e+04 3.343609336462e+05 2.177987036395e+12 5.564096963217e-03
9.198724420212e-04 8.042397741510e+01 4.694149538508e+04 4.719244847806e+04 3.346021578696e+05 2.183424563403e+12 5.626023803406e-03
9.206699697529e-04 8.138611178976e+01 4.668839285463e+04 4.668831389662e+04 3.347430816485e+05 2.186870599084e+12 5.689597234372e-03
9.214347093311e-04 8.191500046030e+01 4.657610127880e+04 4.665399845523e+04 3.349356782391e+05 2.190630432607e+12 5.751589780786e-03
9.221835520288e-04 8.301785603537e+01 4.630680480759e+04 4.632806186962e+04 3.353762782802e+05 2.195506637060e+12 5.813880576233e-03
9.229353695124e-04 8.282891678081e+01 4.641335438851e+04 4.630722739824e+04 3.355518609810e+05 2.199281309513e+12 5.872493307952e-03
9.235988242308e-04 8.267648044221e+01 4.649353329794e+04 4.657979240692e+04 3.358228345542e+05 2.201872330852e+12 5.927948737511e-03
9.242768738741e-04 8.350527072467e+01 4.629167054013e+04 4.620944125783e+04 3.359080363976e+05 2.205433960080e+12 5.986734924253e-03
9.250067877337e-04 8.411460982070e+01 4.615853374263e+04 4.624315662384e+04 3.361953755363e+05 2.209063446464e+12 6.048282733974e-03
9.257403012109e-04 8.502018398976e+01 4.595948894811e+04 4.587059617951e+04 3.366125204484e+05 2.214138625332e+12 6.107467179074e-03
9.263990323120e-04 8.516367125442e+01 4.597429801336e+04 4.598995516701e+04 3.367287459813e+05 2.218495136915e+12 6.169479917192e-03
9.271966202541e-04 8.524154723918e+01 4.603072100465e+04 4.601547636367e+04 3.370534358179e+05 2.224601013842e+12 6.233135507461e-03
9.278925666818e-04 8.631037907439e+01 4.575133668188e+04 4.575132479857e+04 3.371960254246e+05 2.226772288219e+12 6.291663403594e-03
9.285528394426e-04 8.646890567640e+01 4.573045484507e+04 4.579386934163e+04 3.372911508179e+05 2.228660672879e+12 6.350800036896e-03
9.292603793733e-04 8.746232336527e+01 4.547020986691e+04 4.540995052934e+04 3.374841876377e+05 2.230204821508e+12 6.413693051990e-03
9.299910133368e-04 8.664366609343e+01 4.573144288214e+04 4.573139980299e+04 3.376119620083e+05 2.232610998165e+12 6.475350131081e-03
9.306836127583e-04 8.798645382544e+01 4.539906907365e+04 4.538739692702e+04 3.377214674485e+05 2.236084774516e+12 6.535106891762e-03
9.313493306250e-04 8.564334611818e+01 4.607488295847e+04 4.608817461438e+04 3.378037564780e+05 2.237045679708e+12 6.586662276101e-03
9.318875681541e-04 8.816999304980e+01 4.537624184367e+04 4.537624268192e+04 3.378345290516e+05 2.238293738644e+12 6.647450437133e-03
9.327282160923e-04 8.964854931433e+01 4.497819750736e+04 4.497801491062e+04 3.378608557159e+05 2.238752235265e+12 6.712454223676e-03
9.333377597532e-04 8.930118766904e+01 4.509268879856e+04 4.509268963157e+04 3.378830262157e+05 2.240384615202e+12 6.772264483539e-03
9.340677337723e-04 8.868579383713e+01 4.527441725752e+04 4.527426717658e+04 3.379859455780e+05 2.241478761788e+12 6.829530588872e-03
9.346291978259e-04 9.012094547975e+01 4.489647017143e+04 4.495350052409e+04 3.379816483363e+05 2.242359287866e+12 6.888315445689e-03
9.353723107827e-04 9.044300731561e+01 4.481595869400e+04 4.476400765725e+04 3.380042186669e+05 2.242798976888e+12 6.953229673698e-03
9.360646703944e-04 9.097300425847e+01 4.468901664589e+04 4.468901747143e+04 3.381397224268e+05 2.243890227741e+12 7.015668512279e-03
9.367450001666e-04 9.002149506796e+01 4.496841928751e+04 4.496842011822e+04 3.382953606175e+05 2.245977975175e+12 7.070809357756e-03
9.372897299302e-04 9.094712764768e+01 4.473641131149e+04 4.473641213791e+04 3.384195412656e+05 2.247149184893e+12 7.124462196828e-03
9.379248689642e-04 9.136883519885e+01 4.466032534648e+04 4.470049475762e+04 3.385002093804e+05 2.249970977339e+12 7.188894411654e-03
9.387001061199e-04 9.298064838171e+01 4.428199770894e+04 4.424215254504e+04 3.386603288227e+05 2.253184145671e+12 7.254630680018e-03
9.393388463779e-04 9.201874064175e+01 4.453122041085e+04 4.454071409476e+04 3.388567569978e+05 2.253266237040e+12 7.311384315252e-03
9.399336295270e-04 9.447910067933e+01 4.394205196593e+04 4.393318358353e+04 3.390646091545e+05 2.256383041372e+12 7.373095763558e-03
9.406451976845e-04 9.249204455146e+01 4.449402795358e+04 4.449402877553e+04 3.392353679102e+05 2.260206251905e+12 7.433714798813e-03
9.412444241050e-04 9.438086613071e+01 4.405408958054e+04 4.405409039436e+04 3.393495500276e+05 2.263568915077e+12 7.493899616960e-03
9.419205582658e-04 9.514071171156e+01 4.390052409446e+04 4.390052490545e+04 3.395952726821e+05 2.266533677539e+12 7.556091161209e-03
9.425517833444e-04 9.439535609888e+01 4.417092455747e+04 4.417019670054e+04 3.397610851471e+05 2.273481751705e+12 7.613360712729e-03
9.431339559134e-04 9.539410056706e+01 4.395373256310e+04 4.395373337506e+04 3.399837914380e+05 2.276131092273e+12 7.673902295289e-03
9.438210774035e-04 9.507057123198e+01 4.410321822880e+04 4.410278872806e+04 3.402118398685e+05 2.281852914819e+12 7.734145470576e-03
9.444012918410e-04 9.586639631886e+01 4.394564376838e+04 4.394564056122e+04 3.403784933166e+05 2.285146161481e+12 7.791092883394e-03
9.450091352633e-04 9.624580390363e+01 4.389089529893e+04 4.389396177984e+04 3.406490590355e+05 2.288352916419e+12 7.852950587683e-03
9.456867027738e-04 9.817195998576e+01 4.348782746248e+04 4.385216651157e+04 3.409269799985e+05 2.293575835090e+12 7.915042733392e-03
9.462741022807e-04 9.687947630415e+01 4.384272539447e+04 4.342113141544e+04 3.411413839021e+05 2.297264229862e+12 7.970259992971e-03
9.468266193317e-04 9.770585347406e+01 4.370648991375e+04 4.370649072115e+04 3.412762679527e+05 2.302611855473e+12 8.030531923518e-03
9.475078447517e-04 9.946997587990e+01 4.331383608497e+04 4.331383688512e+04 3.416089583280e+05 2.304800379416e+12 8.094434081669e-03
9.481114725265e-04 9.843467457609e+01 4.362978199897e+04 4.408541472273e+04 3.418296818696e+05 2.310871472505e+12 8.153244306975e-03
9.487027534677e-04 9.959109989167e+01 4.334948499884e+04 4.287786711578e+04 3.419102546166e+05 2.310252827805e+12 8.212427715929e-03
9.493000005982e-04 1.006880650646e+02 4.319116034327e+04 4.319086569583e+04 3.421650805873e+05 2.318507037150e+12 8.271707116884e-03
9.498802396160e-04 1.005386462794e+02 4.323096530537e+04 4.323096610399e+04 3.422713775236e+05 2.318963160904e+12 8.333238254389e-03
9.505240301586e-04 9.929371154988e+01 4.356589365911e+04 4.356588823185e+04 3.424727307954e+05 2.322752048569e+12 8.393651832462e-03
9.510971057625e-04 1.015505976850e+02 4.307913410264e+04 4.307913489845e+04 3.426089725774e+05 2.325892448360e+12 8.453471566263e-03
9.517021568297e-04 1.005309569189e+02 4.334415904285e+04 4.334415984355e+04 3.427242364048e+05 2.328532587419e+12 8.514155146216e-03
9.523043673228e-04 1.018967640658e+02 4.306033087342e+04 4.306032762873e+04 3.427933938111e+05 2.331080468724e+12 8.575171116051e-03
9.528997605102e-04 1.021327031115e+02 4.303569017121e+04 4.317022249230e+04 3.428229065087e+05 2.333583440304e+12 8.634677826312e-03
9.534696495184e-04 1.024388856591e+02 4.297314779721e+04 4.283762593961e+04 3.429547029066e+05 2.334160860455e+12 8.694127877381e-03
9.540604535553e-04 1.023386776580e+02 4.302035615467e+04 4.300491204651e+04 3.430536552915e+05 2.336297688513e+12 8.755346771292e-03
9.546660475042e-04 1.043611622895e+02 4.259141115153e+04 4.260161722572e+04 3.430915054635e+05 2.338160155588e+12 8.816771390022e-03
9.552376083011e-04 1.032742949134e+02 4.285694925905e+04 4.286144063488e+04 3.431457550022e+05 2.340361137017e+12 8.875212541813e-03
9.557978131936e-04 1.044313343670e+02 4.261897787441e+04 4.261828382415e+04 3.432450350208e+05 2.341935377977e+12 8.935167971428e-03
9.563858351236e-04 1.044572395688e+02 4.263319700014e+04 4.263319778771e+04 3.433161787463e+05 2.343685526860e+12 8.995033900836e-03
9.569440416342e-04 1.049210917861e+02 4.255596386729e+04 4.255596465344e+04 3.434184492773e+05 2.345817637780e+12 9.053682084892e-03
9.575037835371e-04 1.047566429823e+02 4.259716414872e+04 4.259711801938e+04 3.434840949478e+05 2.346285196134e+12 9.111049868159e-03
9.580392997798e-04 1.056419774688e+02 4.243697403008e+04 4.244211430593e+04 3.435590669032e+05 2.349124375192e+12 9.170210771507e-03
9.586238099654e-04 1.056144808818e+02 4.247602413283e+04 4.247116797083e+04 3.437175176756e+05 2.352057341507e+12 9.234176408306e-03
9.592506040681e-04 1.059016509563e+02 4.245045841264e+04 4.245041896723e+04 3.438564930470e+05 2.355286330041e+12 9.297350275692e-03
9.598168766799e-04 1.055814829407e+02 4.255664857226e+04 4.255664935842e+04 3.439728263583e+05 2.358570650343e+12 9.352421214795e-03
9.602937972032e-04 1.066915450731e+02 4.234327079281e+04 4.234326526727e+04 3.440053567537e+05 2.360817386748e+12 9.410321501112e-03
9.609022539004e-04 1.077402716128e+02 4.215607714431e+04 4.215607792307e+04 3.441733593665e+05 2.363942941551e+12 9.474462571552e-03
9.614844582157e-04 1.074936685234e+02 4.226089449405e+04 4.226089527474e+04 3.443521667192e+05 2.368681810121e+12 9.535968297666e-03
9.620466138791e-04 1.079343828957e+02 4.220020384777e+04 4.220020462734e+04 3.445459464701e+05 2.371571732295e+12 9.597340992809e-03
9.626216805446e-04 1.082994327638e+02 4.215297575213e+04 4.213662540699e+04 3.448175728092e+05 2.374210636934e+12 9.658595130615e-03
9.631778134846e-04 1.081765685173e+02 4.222870174562e+04 4.224540093569e+04 3.449674041420e+05 2.378715315402e+12 9.718337745472e-03
9.637262194605e-04 1.105214087353e+02 4.178358242746e+04 4.178357909327e+04 3.451446171164e+05 2.382256598187e+12 9.778773365819e-03
9.642714589789e-04 1.089517888341e+02 4.214746356099e+04 4.214745703169e+04 3.453740315939e+05 2.386005344991e+12 9.837554397020e-03
9.648052477505e-04 1.095969790320e+02 4.203990813138e+04 4.155438451877e+04 3.455699774719e+05 2.388367445520e+12 9.896364844244e-03
9.653446719040e-04 1.092423503674e+02 4.219121392416e+04 4.270890132509e+04 3.457283335682e+05 2.395449790120e+12 9.951730026141e-03
9.658188689645e-04 1.095536850455e+02 4.215035478968e+04 4.212745577423e+04 3.459021610117e+05 2.397600028379e+12 1.001084948313e-02
9.664239501951e-04 1.120331600818e+02 4.167748336802e+04 4.177264757263e+04 3.460901995710e+05 2.400468388087e+12 1.007588839184e-02
9.669799342894e-04 1.113149125557e+02 4.186074057005e+04 4.163505332087e+04 3.462262884840e+05 2.404044377382e+12 1.013571079671e-02
9.674987820124e-04 1.115600003433e+02 4.185924155556e+04 4.197779119455e+04 3.463483180277e+05 2.408457750059e+12 1.019667337340e-02
9.680728453059e-04 1.131560771417e+02 4.159903142200e+04 4.204720910863e+04 3.465214214525e+05 2.413857773374e+12 1.025844990355e-02
9.685906638045e-04 1.120373005652e+02 4.183135204486e+04 4.131197331215e+04 3.466777692385e+05 2.414740455439e+12 1.031335879950e-02
9.690530348620e-04 1.118638862401e+02 4.189028208253e+04 4.189027901159e+04 3.468821992692e+05 2.416963658173e+12 1.037021300325e-02
9.696071527834e-04 1.145016289724e+02 4.141469149546e+04 4.141469226052e+04 3.470077810605e+05 2.421255772237e+12 1.043291598406e-02
9.701482678534e-04 1.142873987681e+02 4.148345524314e+04 4.148345198819e+04 3.470809814280e+05 2.423784497501e+12 1.049451070835e-02
9.706850445712e-04 1.136986789714e+02 4.161741731879e+04 4.161741808760e+04 3.472732483049e+05 2.425523065001e+12 1.055492791232e-02
9.712110278522e-04 1.155196865850e+02 4.128872772765e+04 4.128633007694e+04 3.473801571587e+05 2.427896174632e+12 1.061590128311e-02
9.717406805861e-04 1.157447537687e+02 4.125913258899e+04 4.126144030953e+04 3.474172924586e+05 2.429175143662e+12 1.067703612151e-02
9.722674012325e-04 1.158184245009e+02 4.127552206719e+04 4.127975206170e+04 3.474393722260e+05 2.432049721895e+12 1.073767552840e-02
9.727878267055e-04 1.142061300995e+02 4.159486555428e+04 4.159047897280e+04 3.475213967431e+05 2.432719325941e+12 1.079561748721e-02
9.732820921036e-04 1.169197465289e+02 4.108862815782e+04 4.108842234024e+04 3.475897165592e+05 2.434185878120e+12 1.085578721481e-02
9.738170750469e-04 1.170540327848e+02 4.108045776686e+04 4.108045066446e+04 3.476465820549e+05 2.435814853563e+12 1.091724556754e-02
9.743321772868e-04 1.162885491847e+02 4.123083597228e+04 4.101110950828e+04 3.476990045912e+05 2.436311143394e+12 1.097783203454e-02
9.748590773321e-04 1.174851927863e+02 4.103458756185e+04 4.125027318649e+04 3.477656364681e+05 2.439164886696e+12 1.103885268466e-02
9.753709575566e-04 1.172171790500e+02 4.108815797788e+04 4.108808536840e+04 3.478011848072e+05 2.439465672765e+12 1.109815837281e-02
9.758709714696e-04 1.182040540781e+02 4.091787046717e+04 4.091787122305e+04 3.478377460431e+05 2.440845132007e+12 1.115758013166e-02
9.763763673847e-04 1.177748932854e+02 4.101136563297e+04 4.101138031835e+04 3.478690114252e+05 2.442123689127e+12 1.121609226869e-02
9.768645981314e-04 1.177968962758e+02 4.102894564264e+04 4.102895276535e+04 3.479255178167e+05 2.444191490479e+12 1.127400320426e-02
9.773596010250e-04 1.190302610611e+02 4.081005060646e+04 4.081005136035e+04 3.479351914849e+05 2.445165803436e+12 1.133221528806e-02
9.778427037540e-04 1.183459615481e+02 4.094822336423e+04 4.094822031246e+04 3.480133606621e+05 2.446265612589e+12 1.139403685352e-02
9.784043610599e-04 1.205605567017e+02 4.056305812212e+04 4.056306207232e+04 3.481912974243e+05 2.448280435914e+12 1.145760642676e-02
9.788972704379e-04 1.191485502908e+02 4.084791265812e+04 4.084790800961e+04 3.483203149654e+05 2.450889176803e+12 1.151497733212e-02
9.793673758043e-04 1.211314019583e+02 4.050831130451e+04 4.050831205282e+04 3.483820534418e+05 2.452940251247e+12 1.157339599651e-02
9.798618207271e-04 1.211947721754e+02 4.052048054180e+04 4.045788761082e+04 3.484391907930e+05 2.455223486703e+12 1.163579383711e-02
9.803970875564e-04 1.208884394558e+02 4.061293201904e+04 4.067517238203e+04 3.486169856691e+05 2.458835088530e+12 1.169806138440e-02
9.808919861849e-04 1.219281546169e+02 4.045806906473e+04 4.045806981212e+04 3.487341822585e+05 2.461916001036e+12 1.175592597943e-02
9.813462464314e-04 1.209913801938e+02 4.066039816154e+04 4.066040582986e+04 3.488742468426e+05 2.465238615836e+12 1.181411503648e-02
9.818538573026e-04 1.226262852082e+02 4.039636644549e+04 4.039636719174e+04 3.490151590048e+05 2.467999714194e+12 1.187625617518e-02
9.823597508134e-04 1.224337134760e+02 4.046238432213e+04 4.046238709064e+04 3.491235392369e+05 2.471113994888e+12 1.193498468896e-02
9.828132092998e-04 1.231147735365e+02 4.037466442366e+04 4.038765352592e+04 3.492783824936e+05 2.474324046532e+12 1.199617955787e-02
9.833538617094e-04 1.217366688581e+02 4.066177443726e+04 4.064861565794e+04 3.494703145585e+05 2.478426744363e+12 1.205616361505e-02
9.837986815940e-04 1.231174329529e+02 4.044530999376e+04 4.044531724543e+04 3.495630580609e+05 2.481300893700e+12 1.211501261848e-02
9.843098433607e-04 1.252441955938e+02 4.011305234356e+04 4.011305308458e+04 3.498068889853e+05 2.485102046894e+12 1.217636322645e-02
9.847783774223e-04 1.246833919674e+02 4.024850352683e+04 4.025916951491e+04 3.499774763124e+05 2.488917673143e+12 1.223643179568e-02
9.852733809784e-04 1.251118124820e+02 4.022274569968e+04 4.021222031854e+04 3.501278468256e+05 2.493715132628e+12 1.229738146341e-02
9.857527005740e-04 1.253200007179e+02 4.021641887972e+04 4.021643212884e+04 3.503349003046e+05 2.496654895712e+12 1.235761428587e-02
9.862346452956e-04 1.242206503414e+02 4.044976301483e+04 4.044976338505e+04 3.504368431602e+05 2.500850815269e+12 1.241669066769e-02
9.867038529252e-04 1.274564245834e+02 3.993448341333e+04 3.993447817162e+04 3.505609670261e+05 2.504860535426e+12 1.247645285171e-02
9.871724118180e-04 1.274444991921e+02 3.997431262335e+04 3.997408997715e+04 3.506218051564e+05 2.508657065268e+12 1.253655815667e-02
9.876470918307e-04 1.270450794005e+02 4.006622344868e+04 4.006622418883e+04 3.508005257828e+05 2.511104302475e+12 1.259749049499e-02
9.881316357187e-04 1.269350443861e+02 4.011417492576e+04 4.008899551531e+04 3.510295951609e+05 2.514040410036e+12 1.265866262443e-02
9.886109254156e-04 1.283986228216e+02 3.990692847557e+04 3.993226088602e+04 3.511515330519e+05 2.517994323240e+12 1.271970183739e-02
9.890824124735e-04 1.274528292845e+02 4.011203977316e+04 4.011204051416e+04 3.513186856642e+05 2.522642434903e+12 1.277922838058e-02
9.895450206965e-04 1.294057202654e+02 3.981017745216e+04 3.981017818758e+04 3.514721080238e+05 2.525143814171e+12 1.283937164076e-02
9.900119426374e-04 1.280856034917e+02 4.006070268733e+04 4.004426414333e+04 3.515466023920e+05 2.528223842890e+12 1.289918412895e-02
9.904789662228e-04 1.303276514095e+02 3.972442217944e+04 3.974113273985e+04 3.516413906091e+05 2.531856804835e+12 1.295772510750e-02
9.909103088386e-04 1.298818037151e+02 3.981371804394e+04 3.981371877943e+04 3.516863057775e+05 2.533491631325e+12 1.301713691024e-02
9.913938257497e-04 1.292538774372e+02 3.992862042881e+04 3.961103550471e+04 3.518261216990e+05 2.534614501275e+12 1.307852619978e-02
9.918602113212e-04 1.311231988265e+02 3.967232696820e+04 3.999524158362e+04 3.519241701642e+05 2.539804147218e+12 1.313781679130e-02
9.922981751258e-04 1.306828245071e+02 3.975842815597e+04 3.975793098254e+04 3.519560971113e+05 2.541266426235e+12 1.319763495041e-02
9.927756821849e-04 1.301980782632e+02 3.986347808354e+04 3.986347881995e+04 3.520659743460e+05 2.543875090560e+12 1.325713793082e-02
9.932122128934e-04 1.315532384481e+02 3.966417987547e+04 3.966418060819e+04 3.520621351305e+05 2.546129224763e+12 1.331640418756e-02
9.936767053363e-04 1.319613299965e+02 3.960988055253e+04 3.960988134457e+04 3.521272621697e+05 2.547330811420e+12 1.337656196408e-02
9.941239614568e-04 1.330182917134e+02 3.947056016144e+04 3.971280101786e+04 3.522549519285e+05 2.550448665936e+12 1.343804168861e-02
9.946010853406e-04 1.323171973220e+02 3.959295273632e+04 3.934406882891e+04 3.523163519457e+05 2.551491856925e+12 1.349923759259e-02
9.950489493679e-04 1.330380640221e+02 3.949910806889e+04 3.944976093849e+04 3.523489673777e+05 2.553727177360e+12 1.355823528339e-02
9.954880148255e-04 1.325874512985e+02 3.958481317653e+04 3.963562230107e+04 3.523934684140e+05 2.555132291598e+12 1.361671254138e-02
9.959310427699e-04 1.338170714295e+02 3.940197719496e+04 3.940197792284e+04 3.524489979168e+05 2.556491073991e+12 1.367644246444e-02
9.963807248874e-04 1.339402329882e+02 3.940011896242e+04 3.940012928192e+04 3.525011006212e+05 2.558321402276e+12 1.373720338617e-02
9.968383268678e-04 1.348656639551e+02 3.927118475261e+04 3.924264973906e+04 3.525555025019e+05 2.560054159159e+12 1.379854593547e-02
9.972904086052e-04 1.339816922884e+02 3.943084783716e+04 3.945940374215e+04 3.525898801623e+05 2.562196462422e+12 1.385942816574e-02
9.977471410384e-04 1.349468044496e+02 3.930380322748e+04 3.930380180832e+04 3.526215677270e+05 2.564783500741e+12 1.392021609041e-02
9.981913254505e-04 1.350846176568e+02 3.929911206805e+04 3.929911554678e+04 3.526615901728e+05 2.566545695313e+12 1.397843445709e-02
9.986090950890e-04 1.353124460252e+02 3.927739717125e+04 3.929424209919e+04 3.527675373392e+05 2.567995917891e+12 1.403825007301e-02
9.990754365235e-04 1.364577189721e+02 3.911885991748e+04 3.910257690458e+04 3.528822879109e+05 2.569992305369e+12 1.410048556800e-02
9.995212530153e-04 1.356422153556e+02 3.927349403326e+04 3.944202981835e+04 3.529439985031e+05 2.572968119090e+12 1.416006276696e-02
9.999538827919e-04 1.366426153121e+02 3.914145060537e+04 3.896864644531e+04 3.530145293666e+05 2.575364574704e+12 1.421917121683e-02
1.000386406975e-03 1.360498982368e+02 3.926451918026e+04 3.926451990560e+04 3.530515942217e+05 2.578674182027e+12 1.427954403695e-02
1.000841392755e-03 1.357339079001e+02 3.933703859847e+04 3.951768679185e+04 3.532246381277e+05 2.581131854910e+12 1.434025681932e-02
1.001280992320e-03 1.384403968019e+02 3.894163402566e+04 3.874995624762e+04 3.533323400493e+05 2.583237044573e+12 1.439927266020e-02
1.001693973971e-03 1.383797824162e+02 3.898727609252e+04 3.904593229485e+04 3.534152074224e+05 2.587108548984e+12 1.445843345315e-02
1.002136041980e-03 1.375302132711e+02 3.914064226916e+04 3.908368205035e+04 3.536056287681e+05 2.589659379890e+12 1.451957883982e-02
1.002583166028e-03 1.396539809631e+02 3.885608276332e+04 3.885608315726e+04 3.537068098780e+05 2.593557185310e+12 1.458093246956e-02
1.003014694050e-03 1.378824478405e+02 3.915232733430e+04 3.915232805757e+04 3.538645899407e+05 2.596602122435e+12 1.464079438374e-02
1.003451469647e-03 1.398791215183e+02 3.890486954240e+04 3.943977770154e+04 3.540071359498e+05 2.602372015220e+12 1.470139341865e-02
1.003881142656e-03 1.396397683995e+02 3.893057999602e+04 3.836427304996e+04 3.541395268342e+05 2.601290108049e+12 1.476116291249e-02
1.004307522253e-03 1.404608293868e+02 3.886338484559e+04 3.893442601934e+04 3.542619426378e+05 2.607222177661e+12 1.482116118264e-02
1.004735448734e-03 1.401452908525e+02 3.893744620592e+04 3.886600791073e+04 3.544108935845e+05 2.610123208871e+12 1.488102197164e-02
1.005161789830e-03 1.413538763913e+02 3.879365694113e+04 3.879356837370e+04 3.545587354295e+05 2.613950403489e+12 1.494147638162e-02
1.005590811339e-03 1.407584759048e+02 3.891310405822e+04 3.888767991954e+04 3.546994375371e+05 2.617321463464e+12 1.500088685422e-02
1.006005937541e-03 1.417993849232e+02 3.879285011152e+04 3.881836974424e+04 3.548440937647e+05 2.620946692473e+12 1.506015986392e-02
1.006426823565e-03 1.415175244074e+02 3.886512795074e+04 3.886512776146e+04 3.549961133162e+05 2.624269920221e+12 1.511909379065e-02
1.006838822754e-03 1.429484777141e+02 3.868456311986e+04 3.868455745891e+04 3.551144267260e+05 2.627424604107e+12 1.518011899041e-02
1.007280630485e-03 1.433612187041e+02 3.865677639733e+04 3.865678116214e+04 3.553261672337e+05 2.630921032317e+12 1.524195830800e-02
1.007701529114e-03 1.419177191627e+02 3.890675260992e+04 3.890663931063e+04 3.554581867582e+05 2.635160167662e+12 1.530072941724e-02
1.008108872506e-03 1.437477888691e+02 3.867152786189e+04 3.867152857628e+04 3.555426747394e+05 2.638631156443e+12 1.536013794753e-02
1.008528095293e-03 1.443117954042e+02 3.862528114855e+04 3.862512882094e+04 3.557398713981e+05 2.642468186959e+12 1.542032326212e-02
1.008942973619e-03 1.439544596986e+02 3.871181239724e+04 3.871181311237e+04 3.557788368135e+05 2.646298079693e+12 1.548035541597e-02
1.009362138975e-03 1.438755132711e+02 3.874734180302e+04 3.874734251881e+04 3.560027369408e+05 2.648935185552e+12 1.554130359732e-02
1.009790208565e-03 1.464758522582e+02 3.840933112106e+04 3.840933183060e+04 3.561509479639e+05 2.652608321134e+12 1.560159660020e-02
1.010185387339e-03 1.454570392034e+02 3.857731228235e+04 3.857731299499e+04 3.562523116542e+05 2.655208158485e+12 1.566102426552e-02
1.010607324954e-03 1.449703335699e+02 3.867115558430e+04 3.867115629868e+04 3.564245423901e+05 2.657878027427e+12 1.572096312492e-02
1.011012299411e-03 1.458531544915e+02 3.856334295754e+04 3.856334366992e+04 3.564391214426e+05 2.659883640290e+12 1.577962099271e-02
1.011411666389e-03 1.467569262226e+02 3.845471523921e+04 3.845471311440e+04 3.564812731825e+05 2.662010165513e+12 1.583921635081e-02
1.011824463574e-03 1.476286920428e+02 3.838727077836e+04 3.838727148750e+04 3.566969626209e+05 2.668099305603e+12 1.590087549698e-02
1.012246993795e-03 1.476202475085e+02 3.840902258194e+04 3.840902329148e+04 3.567268295987e+05 2.670387312769e+12 1.596217741513e-02
1.012654998940e-03 1.474405423544e+02 3.845808564092e+04 3.845808960605e+04 3.568517165724e+05 2.673045544719e+12 1.602048914889e-02
1.013037980220e-03 1.481244111238e+02 3.839039260520e+04 3.839039160709e+04 3.569724053055e+05 2.676150548578e+12 1.608086006901e-02
1.013470136967e-03 1.485391015337e+02 3.832441597102e+04 3.832442069240e+04 3.571098040252e+05 2.675219998048e+12 1.614300320858e-02
1.013874704543e-03 1.477557772753e+02 3.846556709040e+04 3.846550613217e+04 3.571892472938e+05 2.678793375232e+12 1.620191482821e-02
1.014267555798e-03 1.492882759908e+02 3.827541285444e+04 3.827540961327e+04 3.572930712382e+05 2.681325056400e+12 1.626100947978e-02
1.014666389639e-03 1.491573516825e+02 3.831215226667e+04 3.830686223688e+04 3.573827082485e+05 2.683418681952e+12 1.632159850450e-02
1.015079973343e-03 1.502330307412e+02 3.819953535251e+04 3.820479654633e+04 3.574852976769e+05 2.687365547570e+12 1.638277692502e-02
1.015480836638e-03 1.490040021277e+02 3.839448066657e+04 3.858985664018e+04 3.575866985230e+05 2.690269864657e+12 1.644186714327e-02
1.015873109332e-03 1.498066726707e+02 3.828775201530e+04 3.809196545226e+04 3.576187880627e+05 2.690717686542e+12 1.650196302961e-02
1.016283149182e-03 1.516952235527e+02 3.805119851629e+04 3.805063209848e+04 3.577170806387e+05 2.693027152708e+12 1.656323677459e-02
1.016680962652e-03 1.500241183559e+02 3.830457981693e+04 3.830458052454e+04 3.578110319876e+05 2.695970923325e+12 1.662304747892e-02
1.017080497035e-03 1.520161300486e+02 3.805378513472e+04 3.805378583769e+04 3.579285754836e+05 2.698219302754e+12 1.668344358976e-02
1.017475563998e-03 1.508680784600e+02 3.823103824601e+04 3.822120708951e+04 3.580340109250e+05 2.700691792114e+12 1.674168841293e-02
1.017852626219e-03 1.525568541751e+02 3.802782415375e+04 3.803741664705e+04 3.580789187382e+05 2.703517558051e+12 1.680169288778e-02
1.018262214656e-03 1.529229064699e+02 3.800776809787e+04 3.792232066240e+04 3.581700096418e+05 2.706809697554e+12 1.686290949824e-02
1.018653246766e-03 1.530961483283e+02 3.801665118410e+04 3.810349228139e+04 3.582752495892e+05 2.710459912269e+12 1.692269450381e-02
1.019043227193e-03 1.529559988413e+02 3.805206475060e+04 3.805201000364e+04 3.583548880917e+05 2.712363639103e+12 1.698259106378e-02
1.019436433570e-03 1.540565138013e+02 3.792800871387e+04 3.792800941453e+04 3.584580752306e+05 2.714916468863e+12 1.704315656544e-02
1.019829503607e-03 1.532168654181e+02 3.806815252207e+04 3.806815322531e+04 3.585838610114e+05 2.718179181875e+12 1.710237411145e-02
1.020209423487e-03 1.546395912485e+02 3.789889771446e+04 3.783431364936e+04 3.586010837728e+05 2.720406914646e+12 1.716226681743e-02
1.020604113854e-03 1.554007912231e+02 3.783853401244e+04 3.790176047574e+04 3.587698011478e+05 2.724960463266e+12 1.722322761305e-02
1.020993985716e-03 1.547613208794e+02 3.794276321973e+04 3.794276392065e+04 3.589032727138e+05 2.727291537397e+12 1.728324733541e-02
1.021379756270e-03 1.565325188491e+02 3.773746012486e+04 3.773746271000e+04 3.589920496885e+05 2.730308674417e+12 1.734362476945e-02
1.021765422022e-03 1.556490318295e+02 3.787481607006e+04 3.787482119966e+04 3.591004131365e+05 2.732891087278e+12 1.740299405230e-02
1.022142617203e-03 1.562204782623e+02 3.782314670685e+04 3.782314740556e+04 3.591670670986e+05 2.735536083990e+12 1.746333894024e-02
1.022537982554e-03 1.569100668196e+02 3.775893885847e+04 3.775893697160e+04 3.593378393027e+05 2.738463089306e+12 1.752361441785e-02
1.022910897771e-03 1.568969979870e+02 3.779495289467e+04 3.779494881885e+04 3.594324353894e+05 2.742446895732e+12 1.758323927749e-02
1.023298033548e-03 1.571176149349e+02 3.779875744412e+04 3.779875814239e+04 3.595160115075e+05 2.746205171414e+12 1.764357705718e-02
1.023678956524e-03 1.576855746250e+02 3.772516185253e+04 3.772516254943e+04 3.596639837926e+05 2.746163665594e+12 1.770376723343e-02
1.024061453746e-03 1.568784570573e+02 3.787464968268e+04 3.787465038234e+04 3.597841739746e+05 2.751425723918e+12 1.776298787901e-02
1.024433944132e-03 1.588667506066e+02 3.764908642676e+04 3.764908305195e+04 3.598476287915e+05 2.754933034283e+12 1.782343157590e-02
1.024822389519e-03 1.596100840891e+02 3.758326774025e+04 3.759502446736e+04 3.600243846838e+05 2.758282152444e+12 1.788464169102e-02
1.025200939720e-03 1.580361596504e+02 3.781376724854e+04 3.780169431602e+04 3.601348316530e+05 2.761760570172e+12 1.794389957242e-02
1.025572317656e-03 1.594076525397e+02 3.766074905339e+04 3.766074974911e+04 3.602035089678e+05 2.764367363234e+12 1.800362445712e-02
1.025950274946e-03 1.600044979138e+02 3.760514770138e+04 3.760514839607e+04 3.603339753009e+05 2.766718096061e+12 1.806404555877e-02
1.026327560196e-03 1.612059279490e+02 3.748470197743e+04 3.748470266989e+04 3.604842824299e+05 2.770318578469e+12 1.812462988575e-02
1.026701913894e-03 1.606244982525e+02 3.759014154027e+04 3.759013740261e+04 3.605525953569e+05 2.774163286203e+12 1.818406197993e-02
1.027067573018e-03 1.609984297770e+02 3.756903937547e+04 3.756904006949e+04 3.605860316939e+05 2.777220123787e+12 1.824382479717e-02
1.027444316379e-03 1.620311948642e+02 3.746288717445e+04 3.746201610537e+04 3.607506204369e+05 2.779920427063e+12 1.830450381776e-02
1.027816552505e-03 1.620552574290e+02 3.748215617915e+04 3.748304046133e+04 3.608241537165e+05 2.782563865574e+12 1.836461829806e-02
1.028186217398e-03 1.622976370338e+02 3.750531350576e+04 3.750770092963e+04 3.609045325897e+05 2.788897271214e+12 1.842466217162e-02
1.028556475460e-03 1.626735925256e+02 3.746502185801e+04 3.730812588184e+04 3.609670967515e+05 2.789650538292e+12 1.848468898138e-02
1.028924220522e-03 1.636746983335e+02 3.737735764273e+04 3.752919000129e+04 3.610399292638e+05 2.793916574262e+12 1.854464391119e-02
1.029289086308e-03 1.640578074504e+02 3.734508503389e+04 3.734631139868e+04 3.611925225818e+05 2.795673236944e+12 1.860475894268e-02
1.029657072344e-03 1.637613302165e+02 3.740587234165e+04 3.740584885636e+04 3.612809447454e+05 2.798600936852e+12 1.866476220250e-02
1.030021899846e-03 1.648525502975e+02 3.729704992763e+04 3.729705061662e+04 3.613426800100e+05 2.801541082278e+12 1.872474852441e-02
1.030384829625e-03 1.648850988835e+02 3.732641804675e+04 3.732641455167e+04 3.613460144507e+05 2.805547751690e+12 1.878485750521e-02
1.030751001277e-03 1.646082872770e+02 3.738247239463e+04 3.737324407376e+04 3.615250582321e+05 2.808231074813e+12 1.884508012497e-02
1.031116537861e-03 1.658994022879e+02 3.725824774095e+04 3.727265827901e+04 3.616348488251e+05 2.812146723206e+12 1.890506285243e-02
1.031474122960e-03 1.660785844370e+02 3.726119519555e+04 3.727549934732e+04 3.617445150570e+05 2.815114888896e+12 1.896509594180e-02
1.031839485851e-03 1.657234402523e+02 3.734520995543e+04 3.781474907364e+04 3.618504583994e+05 2.820081017532e+12 1.902536736316e-02
1.032201496483e-03 1.666275096965e+02 3.722514190248e+04 3.671458333525e+04 3.619347577505e+05 2.818745671637e+12 1.908566071647e-02
1.032563176115e-03 1.658748152600e+02 3.736243540878e+04 3.736243550529e+04 3.620436233833e+05 2.824379304117e+12 1.914575234140e-02
1.032926038360e-03 1.672736816665e+02 3.721462040285e+04 3.721445841909e+04 3.621601979099e+05 2.826864858895e+12 1.920601716459e-02
1.033283729673e-03 1.668968371027e+02 3.728658620462e+04 3.728658689342e+04 3.622527433997e+05 2.830121733335e+12 1.926565857107e-02
1.033640748207e-03 1.680987293382e+02 3.717420537927e+04 3.717420606600e+04 3.623599446556e+05 2.833920538623e+12 1.932577156736e-02
1.033998940270e-03 1.682801496894e+02 3.718674580595e+04 3.732459572757e+04 3.624418436848e+05 2.838081830501e+12 1.938576066543e-02
1.034353715223e-03 1.682753093067e+02 3.719748914743e+04 3.705822015674e+04 3.626397553045e+05 2.839323592270e+12 1.944580448820e-02
1.034712578213e-03 1.688542408948e+02 3.715101850513e+04 3.715227144365e+04 3.627153160621e+05 2.842032263609e+12 1.950607910712e-02
1.035067640068e-03 1.694356549055e+02 3.713425843652e+04 3.719889719974e+04 3.627950760504e+05 2.848388933426e+12 1.956631672646e-02
1.035423616505e-03 1.695203266415e+02 3.716172588564e+04 3.709534341475e+04 3.628211456588e+05 2.852986260255e+12 1.962636186209e-02
1.035776052290e-03 1.704486276386e+02 3.707363476629e+04 3.707363545116e+04 3.629081837304e+05 2.855553051580e+12 1.968638447912e-02
1.036127906329e-03 1.705119381534e+02 3.704036262860e+04 3.704036331285e+04 3.632643456658e+05 2.852364587010e+12 1.974632686712e-02
1.036479139577e-03 1.708576674080e+02 3.703799045429e+04 3.703799113850e+04 3.635114878650e+05 2.857044859496e+12 1.980668097494e-02
1.036834390372e-03 1.702119535182e+02 3.695319305528e+04 3.695319373792e+04 3.618329524482e+05 2.837331958263e+12 1.987501348369e-02
1.037282050387e-03 1.394361494423e+02 3.502151573377e+04 3.502151638073e+04 3.288151936413e+05 2.193382011183e+12 1.997864372915e-02
1.038320809007e-03 5.473121233223e+01 2.405795960037e+04 2.405796004480e+04 2.025432817466e+05 5.381604435838e+11 2.007231241371e-02
1.040704912062e-03 2.312158727786e+01 4.454333531879e+03 4.454333614164e+03 2.632353286127e+04 1.726327128588e+10 2.013533720799e-02
1.043772406557e-03 1.954895402752e+01 1.175959634425e+03 1.175959656149e+03 3.497420448547e+02 1.774228875425e+09 2.019575641610e-02
1.046886235934e-03 1.932182197862e+01 1.160492201827e+03 1.160492223265e+03 1.112040883426e+00 1.719667391067e+09 2.025592490176e-02
1.050000440925e-03 1.931992393379e+01 1.160455430674e+03 1.160455452111e+03 1.025062982586e-02 1.719434937250e+09 2.031609083069e-02
1.053114617489e-03 1.932015188163e+01 1.160456873948e+03 1.160456895386e+03 7.276880499188e-03 1.719455805586e+09 2.037625705132e-02
1.056228779190e-03 1.932013245579e+01 1.160453508997e+03 1.160453530434e+03 -2.670610738283e-03 1.719446341389e+09 2.043642326121e-02
1.059342960905e-03 1.931990631749e+01 1.160460722778e+03 1.160460744216e+03 -1.204612888382e-02 1.719446134947e+09 2.049658895049e-02
1.062457141616e-03 1.932016478173e+01 1.160452828287e+03 1.160452849725e+03 -1.744440602264e-02 1.719447201775e+09 2.055675521107e-02
1.065571299148e-03 1.932009243418e+01 1.160453902735e+03 1.160453924173e+03 -3.104512940524e-02 1.719444211659e+09 2.061692145238e-02
1.068685501186e-03 1.931974800498e+01 1.160465045402e+03 1.160465066840e+03 -2.181069149772e-02 1.719444265499e+09 2.067708692273e-02
1.071799689946e-03 1.932016165979e+01 1.160452851090e+03 1.160452872528e+03 -3.695064707954e-03 1.719447016887e+09 2.073725327775e-02
1.074913850211e-03 1.932012473186e+01 1.160454330256e+03 1.160454351693e+03 -1.245902820513e-04 1.719447697192e+09 2.079741946824e-02
1.078028033844e-03 1.931987740578e+01 1.160459633891e+03 1.160459655328e+03 -8.343587766142e-03 1.719441340646e+09 2.085758547877e-02
1.081142255212e-03 1.931965508746e+01 1.160469739639e+03 1.160469761077e+03 3.904146859557e-03 1.719448282226e+09 2.091775097300e-02
1.084256457070e-03 1.932009843549e+01 1.160453507749e+03 1.160453529186e+03 1.404193421056e-02 1.719443734586e+09 2.097791740361e-02
1.087370632444e-03 1.932000028762e+01 1.160455771577e+03 1.160455793014e+03 -1.360564475019e-04 1.719441589423e+09 2.103808350211e-02
1.090484831563e-03 1.931982747633e+01 1.160461227854e+03 1.160461249291e+03 9.275770559325e-03 1.719441297914e+09 2.109824916914e-02
1.093599017982e-03 1.932015583265e+01 1.160453271512e+03 1.160453292949e+03 1.357284408389e-02 1.719447567596e+09 2.115841543266e-02
1.096713172995e-03 1.932019389385e+01 1.160453450132e+03 1.160453471570e+03 4.912692338629e-03 1.719450904181e+09 2.121858161274e-02
1.099827338507e-03 1.932003384181e+01 1.160458157417e+03 1.160458178854e+03 1.670262419406e-02 1.719449813755e+09 2.127874773407e-02
1.102941539033e-03 1.931977897902e+01 1.160460349593e+03 1.159064758702e+03 4.657438304246e-03 1.719435503891e+09 2.133891336155e-02
1.106055735586e-03 1.932010080869e+01 1.160453184447e+03 1.161843788536e+03 -1.805588016961e-02 1.719443149767e+09 2.139907973166e-02
1.109169909238e-03 1.932001411272e+01 1.160455988328e+03 1.160456009766e+03 -9.519051393331e-03 1.719443161428e+09 2.145924556761e-02
1.112284078444e-03 1.932013558148e+01 1.160451812155e+03 1.160451833592e+03 6.852102962681e-03 1.719442557882e+09 2.151941202300e-02
1.115398277060e-03 1.931971578670e+01 1.160460625775e+03 1.160460647212e+03 -1.039202272408e-02 1.719431321962e+09 2.157957750432e-02
1.118512480764e-03 1.932005609797e+01 1.160462702339e+03 1.160462723776e+03 -1.986324847004e-02 1.719462291962e+09 2.163974375123e-02
1.121626648925e-03 1.932004692794e+01 1.160464344972e+03 1.160464366410e+03 1.106295775353e-02 1.719465484332e+09 2.169990967918e-02
1.124740822567e-03 1.932011918987e+01 1.160456661622e+03 1.160456683059e+03 -4.377221105672e-03 1.719452800046e+09 2.176007591871e-02
1.127854999686e-03 1.931993082002e+01 1.160458579470e+03 1.160458600907e+03 -7.046169223997e-03 1.719442929181e+09 2.182024196551e-02
1.130969214103e-03 1.931974041921e+01 1.160464311363e+03 1.160464332800e+03 3.493868879947e-03 1.719441944705e+09 2.188040758264e-02
1.134083408124e-03 1.932013902496e+01 1.160453181392e+03 1.160453202830e+03 2.683092844254e-03 1.719446067520e+09 2.194057399863e-02
1.137197576736e-03 1.932003924966e+01 1.160458915049e+03 1.160458936486e+03 8.357140418682e-03 1.719452023797e+09 2.200073982858e-02
1.140311742257e-03 1.932019576287e+01 1.160452825282e+03 1.160452846720e+03 1.611731953538e-02 1.719449565882e+09 2.206090617848e-02
1.143425914237e-03 1.931996146819e+01 1.160458531888e+03 1.160458553326e+03 1.692625711012e-02 1.719445162147e+09 2.212107208025e-02
1.146540108899e-03 1.931988364627e+01 1.160459755915e+03 1.160459777352e+03 1.260566125823e-02 1.719442107569e+09 2.218123799961e-02
1.149654307790e-03 1.931993976016e+01 1.160458296782e+03 1.160457825111e+03 3.504876191821e-03 1.719442943274e+09 2.224140400104e-02
1.152768492856e-03 1.932007375335e+01 1.160454684755e+03 1.160454706192e+03 -1.826920427056e-03 1.719444635813e+09 2.230157015808e-02
1.155882664659e-03 1.932010591129e+01 1.160453200915e+03 1.160453222353e+03 -9.835834236488e-03 1.719443579352e+09 2.236173638473e-02
1.158996846565e-03 1.931993155709e+01 1.160458908136e+03 1.160458929574e+03 -2.800962228253e-02 1.719443764767e+09 2.242190221278e-02
1.162111033313e-03 1.932005084431e+01 1.160458458359e+03 1.160458479796e+03 -4.149302759392e-02 1.719451828549e+09 2.248206829099e-02
1.165225202659e-03 1.932009775727e+01 1.160466217182e+03 1.160466238619e+03 -9.148187203414e-03 1.719473813276e+09 2.254223421974e-02
1.168339358812e-03 1.932013939778e+01 1.160452615649e+03 1.160452637087e+03 1.673171264052e-02 1.719444754835e+09 2.260240047662e-02
1.171453548701e-03 1.931989824317e+01 1.160455785754e+03 1.160455807191e+03 -2.725055407916e-02 1.719433812722e+09 2.266256654044e-02
1.174567762612e-03 1.931977980385e+01 1.160465425912e+03 1.160465447349e+03 -4.863429323361e-02 1.719447601441e+09 2.272273216693e-02
1.177681945412e-03 1.932021676596e+01 1.160452122027e+03 1.160452143464e+03 -3.619356378111e-02 1.719449506183e+09 2.278289868828e-02
1.180796111091e-03 1.931998882809e+01 1.160461559959e+03 1.160461581396e+03 -2.436335369527e-02 1.719454434930e+09 2.284306452750e-02
1.183910296758e-03 1.931996027507e+01 1.160460518029e+03 1.160460539466e+03 -1.264899640524e-05 1.719449779395e+09 2.290323071408e-02
1.187024507602e-03 1.931971840960e+01 1.160467810102e+03 1.160467831539e+03 -1.547484206932e-02 1.719448554547e+09 2.296339622015e-02
1.190138700795e-03 1.932020074896e+01 1.160451900696e+03 1.160451922133e+03 -2.049424413900e-02 1.719447755563e+09 2.302356274511e-02
1.193252861617e-03 1.932002994219e+01 1.160455627594e+03 1.160455649032e+03 -2.839384767195e-03 1.719443517791e+09 2.308372890973e-02
1.196367072573e-03 1.931957181477e+01 1.160473107261e+03 1.160473128699e+03 3.212425641461e-02 1.719449892110e+09 2.314389429735e-02
1.199481300653e-03 1.931986720342e+01 1.160464898346e+03 1.160464919783e+03 4.455189824667e-02 1.719453040245e+09 2.320406028446e-02
1.202595478439e-03 1.932023950805e+01 1.160454876276e+03 1.160454897713e+03 2.306259758782e-02 1.719457776406e+09 2.326422664008e-02
1.205709624645e-03 1.932025946785e+01 1.160451970309e+03 1.160451991746e+03 1.343312699729e-03 1.719452414809e+09 2.332439311929e-02
1.208823808789e-03 1.931970136101e+01 1.160470223186e+03 1.160470244623e+03 2.401750935805e-02 1.719452970343e+09 2.338455846102e-02
1.211938017165e-03 1.932003235538e+01 1.160457433421e+03 1.160457454858e+03 4.204142292845e-02 1.719447983595e+09 2.344472466267e-02
1.215052183622e-03 1.932013475870e+01 1.160456886356e+03 1.160456907794e+03 3.573645643309e-02 1.719454524441e+09 2.350489091243e-02
1.218166363966e-03 1.931990959279e+01 1.160461637667e+03 1.160461659105e+03 3.568078588828e-02 1.719448554570e+09 2.356505663526e-02
1.221280548464e-03 1.932015523505e+01 1.160455269304e+03 1.160455290741e+03 -2.673487650030e-04 1.719452258075e+09 2.362522292600e-02
1.224394708409e-03 1.932021015555e+01 1.160452016522e+03 1.160452037959e+03 -4.120850319286e-02 1.719448750114e+09 2.368538924393e-02
1.227508878016e-03 1.931992019375e+01 1.160463925567e+03 1.160463947004e+03 -1.830858922599e-02 1.719454789908e+09 2.374555483172e-02
1.230623055854e-03 1.932014958865e+01 1.160452563552e+03 1.160452584989e+03 -2.622793374304e-03 1.719445411315e+09 2.380572129806e-02
1.233737242456e-03 1.931982417459e+01 1.160464828722e+03 1.160464850160e+03 -1.880125471353e-02 1.719449581791e+09 2.386588706000e-02
1.236851452282e-03 1.931982609883e+01 1.160462827751e+03 1.160462849189e+03 3.291744240861e-02 1.719444985361e+09 2.392605277260e-02
1.239965633156e-03 1.932002153619e+01 1.160453189984e+03 1.160453211422e+03 6.366327593213e-02 1.719437095537e+09 2.398621905348e-02
1.243079838805e-03 1.931986529317e+01 1.160456957943e+03 1.160456979380e+03 2.207138128977e-02 1.719434069690e+09 2.404638508430e-02
1.246194044163e-03 1.931988749700e+01 1.160457675318e+03 1.160457696755e+03 -1.906766765049e-02 1.719437469820e+09 2.410655100212e-02
1.249308230955e-03 1.932007148434e+01 1.160455461291e+03 1.160455482729e+03 -2.136494063144e-02 1.719446303097e+09 2.416671709570e-02
1.252422395195e-03 1.932021978447e+01 1.160451838786e+03 1.160451860224e+03 -8.791890526086e-03 1.719449065727e+09 2.422688335623e-02
1.255536551461e-03 1.932010591489e+01 1.160457342886e+03 1.160457364324e+03 -1.073915553015e-02 1.719453399091e+09 2.428704934465e-02
1.258650724241e-03 1.932002316679e+01 1.160458772074e+03 1.160458793511e+03 1.758846189405e-02 1.719450453882e+09 2.434721549534e-02
1.261764923981e-03 1.931976380874e+01 1.160462578282e+03 1.160462599719e+03 1.152997966430e-02 1.719439626314e+09 2.440738106692e-02
1.264879120424e-03 1.932012258399e+01 1.160458838818e+03 1.160458860255e+03 -5.629554439076e-03 1.719458221364e+09 2.446754754160e-02
1.267993297990e-03 1.931997820417e+01 1.160461424073e+03 1.160461445511e+03 -1.795960421391e-02 1.719453299641e+09 2.452771333813e-02
1.271107470777e-03 1.932015485932e+01 1.160461598318e+03 1.160461619755e+03 -1.546061983785e-02 1.719467233711e+09 2.458787966646e-02
1.274221646445e-03 1.931992366472e+01 1.160454688470e+03 1.160454709907e+03 5.634580363542e-03 1.719433157110e+09 2.464804544146e-02
1.277335836483e-03 1.931999846679e+01 1.160456012048e+03 1.160456033485e+03 -1.088000789838e-03 1.719442020147e+09 2.470821168484e-02
1.280450036522e-03 1.931976326866e+01 1.160467129104e+03 1.160467150542e+03 8.269646954075e-03 1.719450373604e+09 2.476837718811e-02
1.283564225770e-03 1.932018750372e+01 1.160453734837e+03 1.160453756274e+03 1.128859778122e-02 1.719451090050e+09 2.482854381957e-02
1.286678405832e-03 1.931989013426e+01 1.160465646546e+03 1.160465667984e+03 1.328345869072e-02 1.719456569124e+09 2.488870936600e-02
1.289792578624e-03 1.932020010242e+01 1.160453570057e+03 1.160453591494e+03 2.348657925651e-02 1.719451663680e+09 2.494887567425e-02
1.292906737622e-03 1.932016027839e+01 1.160454135989e+03 1.160454157426e+03 -2.870416197820e-03 1.719449957302e+09 2.500904205534e-02
1.296020930794e-03 1.931976119849e+01 1.160465052139e+03 1.160465073576e+03 -2.331303111372e-02 1.719445291293e+09 2.506920761944e-02
1.299135133872e-03 1.932000226562e+01 1.160456861936e+03 1.160456883374e+03 -2.150879552206e-02 1.719444325745e+09 2.512937378492e-02
1.302249311582e-03 1.932002482997e+01 1.160457433658e+03 1.160457455095e+03 -9.517022242180e-03 1.719447408174e+09 2.518953981052e-02
1.305363492908e-03 1.932002889867e+01 1.160457981793e+03 1.160458003231e+03 -1.136658281767e-02 1.719449019060e+09 2.524970577290e-02
1.308477662760e-03 1.932018989314e+01 1.160453115378e+03 1.160453136815e+03 -3.066942594068e-02 1.719449804362e+09 2.530987208682e-02
1.311591828577e-03 1.931996116845e+01 1.160460588667e+03 1.160460610104e+03 2.199398056978e-03 1.719450015235e+09 2.537003783183e-02
1.314706013272e-03 1.932001608425e+01 1.160453141148e+03 1.160453162585e+03 1.549829157105e-02 1.719436562479e+09 2.543020401077e-02
1.317820206304e-03 1.931988374842e+01 1.160458917623e+03 1.160458939061e+03 -6.245033879018e-03 1.719440128046e+09 2.549037009470e-02
1.320934423827e-03 1.931970404821e+01 1.160463896289e+03 1.160463917727e+03 8.609488919792e-03 1.719438176881e+09 2.555053569072e-02
1.324048624283e-03 1.932011721147e+01 1.160452912933e+03 1.160452934370e+03 -4.358484627094e-03 1.719443761518e+09 2.561070227339e-02
1.327162810748e-03 1.931988114318e+01 1.160461494751e+03 1.160461516188e+03 -2.254832092059e-02 1.719446038253e+09 2.567086792394e-02
1.330276990814e-03 1.932018595272e+01 1.160452985868e+03 1.160453007305e+03 -3.017622102766e-02 1.719449195738e+09 2.573103432035e-02
1.333391156225e-03 1.932004335505e+01 1.160458422827e+03 1.160458444264e+03 -2.966802700284e-02 1.719451171096e+09 2.579120006810e-02
1.336505315115e-03 1.932027520192e+01 1.160453555163e+03 1.160453576600e+03 -3.366517583766e-02 1.719457376332e+09 2.585136667567e-02
1.339619494791e-03 1.931981002639e+01 1.160469134207e+03 1.160469155645e+03 -5.065602513398e-02 1.719458705934e+09 2.591153203764e-02
1.342733674698e-03 1.932028465901e+01 1.160453014541e+03 1.160453035978e+03 -5.787393657251e-02 1.719456818484e+09 2.597169882168e-02
1.345847848576e-03 1.931970962346e+01 1.160471135092e+03 1.160471156530e+03 -1.488308996137e-02 1.719455764607e+09 2.603186409796e-02
1.348962057780e-03 1.931993045351e+01 1.160464755240e+03 1.160464776677e+03 2.229269182089e-02 1.719457542100e+09 2.609203060479e-02
1.352076287853e-03 1.931953645694e+01 1.160478668009e+03 1.160478689447e+03 3.254548963500e-02 1.719460368606e+09 2.615219574045e-02
1.355190482131e-03 1.932026133980e+01 1.160453035889e+03 1.160453057326e+03 3.743909851436e-02 1.719455084292e+09 2.621236242886e-02
1.358304639256e-03 1.932011481320e+01 1.160455798918e+03 1.160455820355e+03 2.303090967715e-02 1.719450419829e+09 2.627252858078e-02
1.361418825233e-03 1.931988315389e+01 1.160462186704e+03 1.160462208142e+03 2.836295136215e-02 1.719447832569e+09 2.633269418583e-02
1.364533000429e-03 1.932010067076e+01 1.160455648111e+03 1.160455669548e+03 4.819604004927e-02 1.719448979870e+09 2.639286047576e-02
1.367647187181e-03 1.932000691756e+01 1.160458965544e+03 1.160458986982e+03 -2.499253903864e-03 1.719449668853e+09 2.645302656885e-02
1.370761372226e-03 1.932006315829e+01 1.160457202771e+03 1.160457224208e+03 -5.172789537199e-02 1.719449794396e+09 2.651319264022e-02
1.373875538598e-03 1.932011569021e+01 1.160459381870e+03 1.160459403308e+03 -2.655906086405e-02 1.719458981154e+09 2.657335869479e-02
1.376989704968e-03 1.932001459662e+01 1.160457836835e+03 1.160457858272e+03 -3.899155838673e-03 1.719447580746e+09 2.663352488931e-02
1.380103918418e-03 1.931962020358e+01 1.160467576278e+03 1.160467597716e+03 1.930763241869e-02 1.719440483561e+09 2.669369013985e-02
1.383218114213e-03 1.932015816421e+01 1.160453751298e+03 1.160453772735e+03 3.191086515607e-02 1.719448883488e+09 2.675385695600e-02
1.386332316305e-03 1.931966878141e+01 1.160478262493e+03 1.160478283931e+03 3.491142683377e-02 1.719469535485e+09 2.681402228441e-02
1.389446515857e-03 1.932016194215e+01 1.160452784476e+03 1.160452805914e+03 2.338436796361e-02 1.719446880576e+09 2.687418895865e-02
1.392560698286e-03 1.931983102475e+01 1.160466002987e+03 1.160466024424e+03 3.365920909510e-02 1.719452889933e+09 2.693435448417e-02
1.395674885603e-03 1.932015760040e+01 1.160453022380e+03 1.160453043817e+03 4.495150413077e-02 1.719447112271e+09 2.699452077144e-02
1.398789041606e-03 1.932023219350e+01 1.160453503707e+03 1.160453525145e+03 6.719749241425e-03 1.719453962569e+09 2.705468695448e-02
1.401903194087e-03 1.932018175503e+01 1.160454549453e+03 1.160454570890e+03 -1.568298011089e-02 1.719452581292e+09 2.711485322496e-02
1.405017375401e-03 1.931984576454e+01 1.160466538660e+03 1.160466560098e+03 -1.259601312979e-02 1.719455288035e+09 2.717501875306e-02
1.408131559347e-03 1.932016995839e+01 1.160455168823e+03 1.160455190260e+03 -1.808977440770e-02 1.719453146758e+09 2.723518516586e-02
1.411245727733e-03 1.931998416448e+01 1.160464749981e+03 1.160464771419e+03 3.000578253216e-03 1.719461640631e+09 2.729535120606e-02
1.414359933003e-03 1.931972848864e+01 1.160461922090e+03 1.160461943527e+03 1.335232404593e-02 1.719435367315e+09 2.735551675387e-02
1.417474132842e-03 1.932016356655e+01 1.160452902764e+03 1.160452924201e+03 -1.731220531836e-02 1.719447285331e+09 2.741568318233e-02
1.420588289015e-03 1.932010987285e+01 1.160461415672e+03 1.160461437110e+03 6.600687456729e-03 1.719463357496e+09 2.747584932507e-02
1.423702476587e-03 1.931981297609e+01 1.160455634777e+03 1.160455656214e+03 1.709528891001e-02 1.719426928598e+09 2.753601490600e-02
1.426816670315e-03 1.932011364646e+01 1.160451812155e+03 1.160451833592e+03 -1.374595876016e-03 1.719440879024e+09 2.759618151721e-02
1.429930867612e-03 1.931971737850e+01 1.160466280215e+03 1.160466301653e+03 2.935361646552e-03 1.719444848730e+09 2.765634692493e-02
1.433045064503e-03 1.932011414759e+01 1.160452545954e+03 1.160452567391e+03 2.998556006426e-03 1.719442657010e+09 2.771651329636e-02
1.436159233651e-03 1.932006991399e+01 1.160454675353e+03 1.160454696790e+03 -2.659165697869e-03 1.719444319666e+09 2.777667934130e-02
1.439273411006e-03 1.932001371562e+01 1.160456215332e+03 1.160456236769e+03 2.296392931275e-03 1.719443669196e+09 2.783684528765e-02
1.442387588065e-03 1.932007247107e+01 1.160454330036e+03 1.160454351474e+03 4.962359176091e-03 1.719443696732e+09 2.789701149990e-02
1.445501774005e-03 1.931989870270e+01 1.160459805934e+03 1.160459827372e+03 4.780546027922e-03 1.719443378551e+09 2.795717724158e-02
1.448615958370e-03 1.932011479952e+01 1.160452249891e+03 1.160452271328e+03 3.219943425425e-03 1.719442005025e+09 2.801734364879e-02
1.451730143539e-03 1.931988514241e+01 1.160458533869e+03 1.160458555307e+03 -8.540269416133e-03 1.719439324973e+09 2.807750944676e-02
1.454844338872e-03 1.931996150539e+01 1.160456081590e+03 1.160456103027e+03 -2.852927218654e-03 1.719439356047e+09 2.813767564547e-02
1.457958540909e-03 1.931977480772e+01 1.160463458259e+03 1.160463479696e+03 1.455223261703e-02 1.719442554325e+09 2.819784126254e-02
1.461072736218e-03 1.932016338287e+01 1.160452133934e+03 1.160452155372e+03 9.161695211813e-05 1.719445448589e+09 2.825800770249e-02
1.464186898170e-03 1.932005047635e+01 1.160460327336e+03 1.160460348774e+03 5.307977274724e-03 1.719456231212e+09 2.831817359704e-02
1.467301073420e-03 1.932007275300e+01 1.160456337725e+03 1.160456359162e+03 3.820623908277e-02 1.719448477975e+09 2.837833963038e-02
1.470415242556e-03 1.932010140316e+01 1.160453876553e+03 1.160453897990e+03 5.295548434771e-03 1.719444836056e+09 2.843850573329e-02
1.473529415772e-03 1.932006271404e+01 1.160453654393e+03 1.160453675830e+03 -1.098893824384e-02 1.719441348188e+09 2.849867194659e-02
1.476643608809e-03 1.931982697259e+01 1.160460779634e+03 1.160460801072e+03 -1.413291494284e-02 1.719440196765e+09 2.855883767176e-02
1.479757807491e-03 1.932004290562e+01 1.160455427760e+03 1.160455449197e+03 -2.055794930744e-02 1.719444036239e+09 2.861900391841e-02
1.482871984900e-03 1.931996166179e+01 1.160456471956e+03 1.160456493393e+03 -4.349415505303e-02 1.719440293461e+09 2.867916989507e-02
1.485986181823e-03 1.931985564290e+01 1.160466469070e+03 1.160466490508e+03 1.527983529606e-02 1.719455879142e+09 2.873933550921e-02
1.489100355883e-03 1.932018475373e+01 1.160452344247e+03 1.160452365684e+03 5.556968705028e-02 1.719447582861e+09 2.879950204035e-02
1.492214541634e-03 1.931979277936e+01 1.160464171372e+03 1.160464192810e+03 6.471612389128e-02 1.719445620439e+09 2.885966768663e-02
1.495328750460e-03 1.931992633494e+01 1.160455246342e+03 1.160455267780e+03 4.369267188611e-02 1.719434684034e+09 2.891983382036e-02
1.498442943616e-03 1.932001944383e+01 1.160451866644e+03 1.160451888082e+03 3.305752550872e-03 1.719433798137e+09 2.898000000000e-02
